6454 0
7443 0
11960 1
16411 0
21296 2
22563 3
24853 3
27439 1
27590 2
28252 0
28967 0
31644 0
31752 2
32134 0
32236 1
32403 0
32405 0
32406 0
34931 3
34935 3
34937 3
35272 1
35525 0
36172 3
36408 3
40141 0
40899 3
44261 3
44893 3
47325 1
47397 3
47657 2
48629 0
49525 0
49587 0
50405 3
50818 2
52406 3
54062 1
54222 2
54887 3
55967 0
56289 1
56780 0
57138 0
57369 3
58940 0
58990 1
59176 3
60724 0
61110 0
62447 2
62482 3
63583 3
64745 3
64921 2
65046 0
65923 0
67022 3
67194 0
67197 3
67397 3
67507 3
67531 3
68332 0
69157 0
69630 2
70230 3
70478 2
70538 0
71434 3
71607 1
71771 2
72310 2
72816 2
73186 2
74508 2
75428 2
75947 2
76049 2
76481 2
77625 2
77803 2
77878 2
77879 2
77949 2
77951 2
77959 3
77998 2
78224 3
78227 3
78510 1
78573 0
80003 0
80238 2
80427 3
80841 3
81802 0
82092 2
82256 3
82288 0
82496 1
83276 2
84436 3
84928 3
84931 3
85507 1
86073 1
86074 1
87051 3
89042 2
89044 2
102736 2
103764 0
104356 0
104741 2
105202 2
105593 2
106242 0
106348 0
106758 0
107041 3
107043 3
107539 0
107794 3
107926 0
107927 0
108260 3
108521 3
108550 0
108981 2
109327 2
110004 3
110169 0
110820 1
110824 1
110842 3
111781 2
111984 3
112506 2
112559 0
112771 3
113211 0
113510 3
113512 3
113643 3
114010 3
114371 2
114452 1
114609 2
114610 2
114770 3
115417 2
116313 0
116544 0
116716 3
116736 3
117276 2
117620 3
118020 3
118317 1
118580 2
118948 3
119314 0
119732 0
120126 2
120217 1
120558 2
120563 2
121272 2
121554 2
122266 3
123500 1
123653 1
124599 2
124877 3
125077 2
126098 0
126114 0
126821 2
126993 3
128359 3
128405 1
128406 1
128563 0
129096 1
129113 1
129160 0
129267 3
129278 2
129392 2
129393 2
131290 0
132261 3
132315 1
132320 2
132342 0
132686 3
133300 0
133399 2
133539 2
133656 0
133926 0
134026 3
134054 3
134077 3
134265 2
134848 3
134874 0
135264 2
135345 0
135362 0
135363 0
135364 0
135555 1
135689 0
135707 2
135714 3
135738 2
135791 0
136985 3
136986 3
136987 3
137232 2
137267 0
137270 0
137285 0
137370 3
137371 3
137447 3
137731 0
137816 1
137854 1
138225 0
138414 3
138439 1
138820 0
139488 0
140020 0
140192 3
140350 0
140525 3
140641 3
140727 2
141025 3
141072 3
141105 0
141110 2
141114 3
141255 3
141295 0
141845 2
141853 0
141856 0
141880 2
142002 0
142082 2
142094 2
142262 3
142283 0
142397 0
142398 0
142429 3
142524 3
142643 2
142695 0
142711 2
142732 2
142983 0
143049 1
143136 1
143346 3
143347 3
143348 3
143422 1
143431 3
143434 1
143686 0
143690 0
143691 0
143764 3
143790 0
143872 3
144001 3
144073 0
144089 3
144293 2
144318 2
144541 3
144543 3
144572 2
144619 3
144696 3
144759 0
144801 3
144907 3
145208 2
145215 2
145278 0
145313 0
145314 0
145334 0
145391 3
145763 0
145826 0
145827 0
145940 0
146239 3
146242 3
146244 3
146475 3
146477 3
146479 3
146503 3
146575 3
146835 0
146836 3
146837 3
146840 0
146845 3
146949 1
147244 0
147870 2
147881 3
148234 1
148239 0
148242 2
148245 3
148257 2
148277 3
148282 3
148287 2
148289 2
148293 3
148393 0
148689 2
148696 2
148767 3
148895 3
149022 0
149023 0
149062 0
149120 2
149122 2
149263 3
149265 3
149296 3
149377 3
149529 0
149530 0
149532 0
149543 2
149625 2
149705 0
149714 0
149806 0
149808 0
149829 3
149836 3
149841 3
149852 0
149858 0
150030 2
150043 3
150175 3
150177 3
150184 3
150187 3
150233 3
150433 3
150436 3
150500 0
150509 3
150510 3
150546 3
150577 2
150583 0
150632 2
150633 2
150694 0
150698 2
150711 3
150712 3
150723 3
150724 1
150782 3
150783 3
150786 3
150787 3
150788 3
150797 3
150804 3
150805 3
150806 3
150849 1
150858 1
150864 0
150866 0
150873 0
150874 0
150904 3
150905 2
150910 3
150921 3
150935 3
150982 3
150984 3
150986 3
150989 3
151004 3
151049 3
151052 3
151064 3
151086 3
151089 0
151090 3
151095 0
151113 3
151132 3
151144 3
151145 2
151146 3
151147 3
151192 3
151202 0
151208 3
151210 3
151215 0
151226 3
151263 3
151292 3
151297 3
151367 0
151388 0
151430 2
151441 3
151455 0
151458 2
151475 3
151487 3
151516 3
151523 0
151525 0
151529 3
151534 3
151579 0
151631 3
151635 3
151770 3
151775 2
151780 2
151781 0
151786 0
151796 2
151811 2
151819 0
151841 0
151842 0
151857 0
151863 3
151865 3
151870 3
151879 3
151884 3
151933 0
151934 3
151939 3
151941 3
151943 3
151944 3
151945 3
151946 3
151951 3
151952 3
151953 3
151956 3
151958 3
151959 3
151965 0
151966 3
151968 2
151971 0
151973 0
151976 3
151978 3
151979 3
151985 0
151991 3
151994 0
151998 0
151999 0
152007 2
152010 3
152012 3
152013 2
152014 2
152015 2
152016 2
152017 0
152020 0
152021 2
152024 3
152027 3
152028 3
152029 3
152031 3
152033 3
152034 3
152035 3
152036 3
152038 3
152039 0
152041 0
152043 0
152047 0
152048 0
152049 0
152052 0
152058 0
152059 0
152060 0
152061 3
152062 3
152066 3
152099 2
152110 2
152111 2
152122 3
152125 3
152146 3
152147 3
152150 2
152152 2
152153 1
152154 0
152162 3
152164 3
152172 0
152173 0
152175 0
152205 0
152208 0
152209 0
152221 0
152226 3
152245 0
152250 0
152252 0
152272 2
152300 0
152309 3
152318 0
152319 0
152345 3
152347 3
152366 2
152368 2
152369 0
152372 0
152377 3
152379 3
152415 2
152416 3
152426 0
152429 0
152443 3
152444 3
152448 3
152510 0
152511 0
152512 0
152513 0
152518 0
152520 0
152525 0
152544 0
152546 0
152549 0
152560 0
152562 0
152564 0
152566 0
152568 3
152576 2
152579 0
152582 0
152586 0
152590 3
152592 3
152616 3
152652 0
152659 0
152666 0
152672 3
152676 0
152677 0
152678 0
152685 0
152687 3
152691 3
152696 0
152697 0
152709 3
152717 3
152721 3
152726 3
152736 1
152737 1
152743 3
152792 3
152793 3
152813 2
152828 0
152831 2
152833 0
152834 2
152835 2
152836 2
152837 2
152838 0
152840 0
152843 0
152845 0
152846 0
152852 0
152854 0
152856 1
152857 1
152859 0
152860 3
152861 3
152863 3
152864 3
152867 3
152868 1
152869 0
152870 0
152872 3
152873 3
152880 3
152882 3
152888 3
152890 3
152891 3
152892 3
152898 2
152900 2
152901 0
152904 2
152905 2
152910 0
152911 0
152915 3
152917 0
152919 3
152929 2
152930 2
152952 3
152960 3
152967 3
152969 3
152973 0
152977 3
152985 3
152987 1
152990 3
152991 3
152992 3
153008 2
153039 1
153040 0
153081 0
153085 3
153089 3
153092 3
153105 0
153106 0
153108 0
153113 3
153115 3
153118 3
153119 2
153124 0
153126 0
153127 0
153130 0
153131 0
153132 0
153138 2
153142 0
153151 0
153157 2
153160 3
153161 3
153167 2
153169 2
153171 2
153172 3
153178 3
153184 0
153185 0
153187 0
153188 0
153189 0
153192 0
153194 2
153196 2
153206 0
153217 0
153220 0
153221 0
153222 0
153223 0
153225 0
153226 0
153227 0
153228 0
153229 3
153235 2
153248 2
153249 3
153252 0
153253 3
153261 2
153263 2
153267 2
153269 2
153274 0
153276 0
153278 0
153279 0
153282 3
153286 0
153287 0
153294 3
153295 2
153296 2
153297 2
153300 3
153302 3
153303 2
153304 2
153309 2
153324 2
153330 0
153338 3
153339 3
153341 3
153342 3
153343 3
153345 3
153347 3
153349 3
153350 0
153352 1
153356 3
153366 0
153369 2
153370 0
153372 2
153373 3
153374 3
153375 2
153379 2
153380 2
153381 0
153384 0
153385 0
153386 2
153389 0
153393 2
153395 1
153397 2
153399 3
153400 0
153402 2
153404 2
153406 3
153407 1
153412 1
153413 0
153415 3
153427 2
153429 3
153431 3
153433 3
153434 3
153435 3
153438 0
153439 3
153440 0
153441 0
153442 0
153443 0
153444 0
153445 0
153447 0
153448 0
153451 1
153452 2
153453 2
153454 2
153456 1
153458 3
153461 2
153462 3
153463 3
153464 0
153467 3
153469 1
153470 1
153471 1
153473 0
153474 3
153476 0
153478 2
153479 0
153481 0
153482 0
153488 0
153489 0
153498 0
153501 2
153512 3
153517 3
153518 3
153519 3
153520 2
153521 2
153524 3
153532 3
153534 2
153536 2
153538 2
153540 1
153543 1
153550 0
153551 0
153557 2
153559 1
153567 0
153571 3
153573 3
153581 3
153586 0
153587 0
153592 0
153596 0
153597 0
153598 0
153599 0
153605 3
153606 3
153607 3
153608 3
153611 3
153613 0
153625 1
153630 0
153643 0
153644 0
153649 0
153651 0
153665 0
153667 0
153669 2
153670 2
153676 3
153678 3
153679 3
153680 0
153688 0
153689 3
153692 3
153694 3
153695 3
153696 3
153699 0
153700 3
153702 3
153703 0
153706 3
153709 3
153711 3
153715 3
153716 3
153717 3
153720 3
153721 3
153722 3
153726 3
153727 3
153735 0
153737 3
153741 3
153742 3
153799 2
153801 2
153803 2
153816 0
153817 0
153818 0
153833 2
153835 3
153847 0
153848 0
153850 0
153851 0
153852 3
153853 3
153857 3
153859 3
153860 3
153861 3
153862 3
153863 3
153865 0
153866 0
153867 0
153869 0
153872 0
153878 0
153879 0
153880 0
153881 0
153897 0
153898 0
153900 0
153901 0
153902 0
153906 0
153941 1
153952 0
153960 3
153961 0
153962 0
153988 3
153996 0
153997 0
154046 3
154064 0
154070 3
154074 3
154080 2
154124 0
154133 0
154138 0
154139 0
154140 0
154169 2
154175 2
154176 2
154214 3
154216 1
154218 3
154228 3
154262 3
154265 3
154266 3
154295 3
154326 3
154327 3
154329 3
154330 3
154332 3
154333 3
154334 3
154353 1
154358 0
154359 0
154387 3
154398 2
154400 2
154420 2
154422 2
154425 2
154446 0
154448 0
154466 3
154470 3
154473 3
154505 0
154518 3
154537 0
154538 0
154540 0
154541 0
154543 0
154546 1
154555 3
154567 0
154568 0
154661 0
154663 0
154665 0
154667 3
154668 3
154693 2
154748 2
154749 2
154762 3
154794 0
154797 0
154855 3
154913 0
154927 3
154928 3
154934 3
154943 0
154947 0
155090 3
155165 3
155293 3
155305 3
155307 3
155308 3
155317 0
155537 3
155597 3
155950 3
