0 0
1 1
2 2
3 3
4 1
5 3
6 3
7 3
8 1
9 3
10 2
11 3
12 1
13 4
14 3
15 3
16 3
17 1
18 3
19 3
20 5
21 3
22 3
23 3
24 3
25 3
26 3
27 2
28 1
29 1
30 6
31 1
32 1
33 2
34 1
35 3
36 7
37 3
38 3
39 3
40 3
41 3
42 8
43 1
44 9
45 1
46 3
47 3
48 3
49 3
50 6
51 10
52 3
53 11
54 1
55 3
56 3
57 3
58 3
59 1
60 2
61 7
62 3
63 2
64 3
65 1
66 11
67 3
68 5
69 3
70 3
71 8
72 1
73 0
74 12
75 3
76 1
77 1
78 1
79 3
80 3
81 2
82 3
83 3
84 3
85 2
86 3
87 3
88 1
89 2
90 1
91 2
92 1
93 2
94 1
95 2
96 1
97 3
98 1
99 13
100 3
101 3
102 3
103 2
104 3
105 3
106 11
107 1
108 3
109 3
110 11
111 3
112 2
113 14
114 1
115 2
116 8
117 2
118 3
119 3
120 3
121 9
122 3
123 3
124 3
125 3
126 3
127 3
128 3
129 7
130 3
131 3
132 3
133 2
134 2
135 2
136 3
137 0
138 3
139 1
140 3
141 1
142 3
143 15
144 1
145 3
146 2
147 10
148 1
149 3
150 1
151 1
152 3
153 5
154 3
155 0
156 1
157 1
158 3
159 3
160 1
161 1
162 1
163 7
164 16
165 1
166 1
167 2
168 3
169 3
170 3
171 5
172 0
173 3
174 3
175 1
176 1
177 0
178 2
179 3
180 3
181 3
182 3
183 1
184 3
185 3
186 2
187 1
188 1
189 0
190 15
191 5
192 3
193 3
194 3
195 3
196 3
197 2
198 3
199 3
200 3
201 1
202 3
203 3
204 2
205 2
206 3
207 15
208 2
209 3
210 3
211 3
212 1
213 2
214 1
215 3
216 3
217 1
218 0
219 1
220 7
221 1
222 3
223 1
224 2
225 0
226 3
227 3
228 1
229 3
230 3
231 3
232 3
233 3
234 3
235 3
236 3
237 1
238 1
239 0
240 1
241 1
242 0
243 3
244 3
245 0
246 2
247 3
248 11
249 3
250 3
251 6
252 1
253 2
254 3
255 3
256 3
257 14
258 10
259 10
260 3
261 3
262 1
263 3
264 17
265 3
266 3
267 10
268 2
269 0
270 17
271 1
272 3
273 1
274 2
275 2
276 5
277 3
278 3
279 2
280 3
281 3
282 3
283 3
284 3
285 3
286 3
287 1
288 3
289 15
290 1
291 3
292 3
293 2
294 3
295 2
296 3
297 2
298 1
299 3
300 2
301 3
302 3
303 3
304 3
305 3
306 3
307 1
308 2
309 3
310 2
311 3
312 3
313 1
314 2
315 1
316 1
317 15
318 3
319 15
320 3
321 1
322 3
323 1
324 3
325 3
326 2
327 12
328 3
329 1
330 3
331 10
332 9
333 3
334 3
335 3
336 11
337 2
338 2
339 3
340 8
341 3
342 3
343 3
344 3
345 3
346 3
347 3
348 0
349 1
350 1
351 3
352 3
353 11
354 3
355 3
356 3
357 1
358 3
359 3
360 8
361 0
362 6
363 3
364 18
365 2
366 3
367 3
368 19
369 17
370 0
371 3
372 17
373 3
374 2
375 3
376 6
377 3
378 20
379 3
380 3
381 11
382 6
383 3
384 3
385 3
386 3
387 11
388 1
389 3
390 6
391 2
392 3
393 3
394 3
395 7
396 21
397 1
398 8
399 2
400 1
401 3
402 3
403 3
404 5
405 3
406 1
407 3
408 1
409 3
410 2
411 1
412 3
413 3
414 3
415 3
416 1
417 5
418 3
419 3
420 5
421 3
422 8
423 5
424 1
425 3
426 5
427 3
428 2
429 6
430 11
431 1
432 11
433 1
434 3
435 5
436 1
437 3
438 12
439 3
440 3
441 1
442 2
443 3
444 3
445 3
446 2
447 3
448 3
449 3
450 11
451 0
452 3
453 3
454 2
455 3
456 3
457 3
458 1
459 6
460 2
461 3
462 3
463 2
464 3
465 1
466 3
467 6
468 3
469 2
470 6
471 2
472 10
473 3
474 3
475 19
476 1
477 3
478 2
479 1
480 2
481 0
482 3
483 5
484 3
485 3
486 3
487 1
488 3
489 3
490 3
491 8
492 2
493 3
494 3
495 3
496 3
497 19
498 3
499 8
500 6
501 15
503 3
504 7
505 3
506 3
507 1
508 3
509 3
510 1
511 5
512 15
513 3
514 3
515 3
516 1
517 1
518 1
519 3
520 3
521 3
522 3
523 5
524 22
525 3
526 5
527 2
528 1
529 3
530 3
531 5
532 3
533 3
534 3
535 3
536 0
537 1
538 3
539 3
540 3
541 6
542 2
543 3
544 1
545 3
546 11
547 2
548 3
549 19
550 15
551 1
552 3
553 21
554 3
555 3
556 3
557 3
558 3
559 3
560 3
561 3
562 19
563 7
564 1
565 6
566 11
567 3
568 3
569 6
570 5
571 3
572 5
573 3
574 17
575 3
576 3
577 2
578 5
579 23
580 24
581 3
582 11
583 1
584 3
585 6
586 3
587 5
588 1
589 3
590 3
591 1
592 3
593 3
594 2
595 0
596 3
597 3
598 1
599 3
600 8
602 3
603 10
604 3
605 2
606 11
607 1
608 2
609 3
610 3
611 3
612 5
613 1
614 3
615 3
616 3
617 8
618 2
619 3
620 3
621 3
622 3
623 2
624 5
625 3
626 3
627 1
628 3
629 2
630 3
631 3
632 2
633 3
634 3
635 3
636 3
637 6
638 1
639 3
640 3
641 6
642 1
643 5
644 3
645 3
646 15
647 3
648 2
649 8
650 5
651 3
652 2
653 6
654 8
655 3
656 2
657 3
658 2
659 3
660 3
661 7
662 3
663 10
664 1
665 3
666 5
667 3
668 8
669 2
670 7
671 2
672 1
673 1
674 3
675 3
676 8
677 3
678 2
679 3
680 1
681 1
682 25
683 11
684 24
685 2
686 1
687 8
688 6
689 3
690 3
691 5
692 2
693 1
694 3
695 3
696 3
697 3
698 3
699 23
700 5
701 3
702 1
703 17
704 14
705 10
706 2
707 1
708 10
709 17
710 3
711 3
712 3
713 3
714 3
715 3
716 3
717 1
718 3
719 26
720 5
721 3
722 3
723 3
725 3
726 3
727 3
728 1
729 2
730 6
731 3
732 3
733 3
734 3
735 3
736 3
737 1
738 3
739 11
740 3
741 2
742 3
743 3
744 2
745 5
746 3
747 2
748 3
749 8
750 1
751 6
752 3
753 11
754 2
755 3
756 2
757 3
758 3
759 6
760 3
761 1
762 15
763 11
764 0
765 3
766 1
767 5
768 3
769 1
770 1
771 3
772 1
773 6
774 3
775 0
776 3
777 3
778 0
779 3
780 2
781 27
782 3
783 2
784 3
785 3
786 3
787 1
788 1
789 17
790 1
791 3
792 3
793 3
794 3
795 3
796 3
797 3
798 3
799 1
800 1
801 15
802 3
803 3
804 3
805 3
806 3
807 9
808 1
809 3
810 5
811 3
812 6
813 9
814 3
815 6
816 15
817 1
818 3
819 1
820 5
821 5
822 3
823 2
824 3
825 3
826 6
827 3
828 6
829 5
830 3
831 3
832 1
833 3
834 3
835 1
836 7
837 3
838 3
839 3
840 3
841 3
842 3
843 5
844 3
845 3
846 3
847 8
848 2
849 3
850 3
851 2
852 7
853 3
854 2
855 28
856 1
857 10
858 3
859 1
860 3
861 1
862 1
863 3
864 3
865 3
866 1
867 1
868 1
869 3
870 3
871 3
872 1
873 3
874 3
875 3
876 6
877 3
878 3
879 2
880 3
881 3
882 29
883 11
884 11
885 3
886 1
887 2
888 3
889 2
890 6
891 3
892 1
893 3
894 3
895 3
896 3
897 21
898 30
899 3
900 3
901 1
902 3
903 31
904 1
905 1
906 6
907 3
908 3
909 2
910 3
911 1
912 6
913 3
914 5
915 3
916 0
917 6
918 5
919 3
920 19
921 9
922 2
923 3
924 10
925 3
926 6
927 5
928 6
929 3
930 3
931 2
932 3
933 17
934 6
935 1
936 3
937 1
938 3
939 1
940 3
941 27
942 10
943 3
944 3
945 3
946 2
947 3
948 3
949 3
950 3
951 3
952 2
953 3
954 3
955 1
956 1
957 3
958 3
959 3
960 3
961 10
962 3
963 19
964 1
965 3
966 3
967 3
968 1
969 1
970 6
971 2
972 1
973 2
974 3
975 3
976 1
977 3
978 7
979 5
980 2
981 3
982 3
983 32
984 2
985 3
986 3
987 0
988 23
989 3
990 3
991 3
992 2
993 1
994 3
995 3
996 3
997 1
998 1
999 3
1000 5
1001 3
1002 1
1003 2
1004 11
1005 3
1006 3
1007 3
1008 2
1009 2
1010 6
1011 27
1012 3
1013 3
1014 3
1015 3
1016 3
1017 3
1018 3
1019 3
1020 5
1021 3
1022 30
1023 3
1024 3
1025 5
1026 1
1027 5
1028 3
1029 15
1030 3
1031 3
1032 3
1033 1
1034 0
1035 2
1036 3
1037 3
1038 5
1039 1
1040 0
1041 3
1042 3
1043 2
1044 3
1045 3
1046 2
1047 3
1048 7
1049 3
1050 3
1051 3
1052 1
1053 3
1054 3
1055 5
1056 3
1057 3
1058 1
1059 3
1060 2
1061 3
1062 2
1063 10
1064 3
1065 3
1066 3
1067 3
1068 2
1069 3
1070 8
1071 3
1072 3
1073 3
1074 1
1075 7
1076 2
1077 3
1078 2
1079 1
1080 3
1081 3
1082 3
1083 3
1084 3
1085 3
1086 10
1087 3
1088 3
1089 33
1090 1
1092 1
1093 3
1094 3
1095 3
1096 3
1097 3
1098 5
1099 2
1100 3
1101 15
1102 3
1103 3
1104 17
1105 6
1106 3
1107 3
1108 7
1109 3
1110 2
1111 3
1112 3
1113 7
1114 1
1115 3
1116 3
1117 3
1118 19
1119 1
1120 3
1121 3
1122 3
1123 3
1124 3
1125 3
1126 1
1127 0
1128 6
1129 1
1130 0
1131 1
1132 3
1133 8
1134 3
1135 3
1136 0
1137 8
1138 8
1139 8
1140 2
1141 3
1142 3
1143 3
1144 2
1145 2
1146 2
1147 2
1148 3
1149 3
1150 10
1151 22
1152 3
1153 6
1154 3
1155 11
1156 3
1157 19
1158 3
1159 3
1160 3
1161 7
1162 3
1163 3
1164 3
1165 1
1166 3
1167 8
1168 1
1169 1
1170 1
1171 1
1172 15
1173 1
1174 3
1175 5
1176 3
1177 3
1178 11
1179 2
1180 3
1181 2
1182 1
1183 3
1184 7
1185 1
1186 10
1187 10
1188 3
1189 6
1190 3
1191 1
1192 3
1193 3
1194 9
1195 3
1196 2
1197 2
1198 1
1199 23
1200 3
1201 10
1202 1
1203 3
1204 3
1205 3
1206 10
1207 7
1208 7
1209 3
1210 6
1211 2
1212 2
1213 3
1214 3
1215 3
1216 6
1217 5
1218 1
1219 2
1220 1
1221 2
1222 1
1223 5
1224 5
1225 3
1226 6
1227 2
1228 3
1229 3
1230 3
1231 1
1232 34
1233 3
1234 19
1235 3
1236 3
1237 3
1238 5
1239 17
1240 7
1241 3
1242 1
1243 3
1244 5
1245 3
1246 1
1247 9
1248 5
1249 2
1250 10
1251 3
1252 3
1253 3
1254 3
1255 3
1256 8
1257 1
1258 1
1259 3
1260 33
1261 3
1262 3
1263 3
1264 3
1265 2
1266 3
1267 8
1268 2
1269 11
1270 3
1271 3
1272 6
1273 10
1274 3
1275 23
1276 31
1277 5
1278 10
1279 3
1280 3
1281 3
1282 2
1283 5
1284 10
1285 3
1286 5
1287 1
1288 3
1289 19
1290 3
1291 11
1292 19
1293 32
1294 5
1295 0
1296 3
1297 9
1298 3
1299 3
1300 5
1301 2
1302 1
1303 3
1304 1
1305 3
1306 7
1307 8
1308 23
1309 3
1310 3
1312 3
1313 3
1314 1
1315 5
1316 3
1317 3
1318 3
1319 10
1320 8
1321 1
1322 35
1323 3
1324 3
1325 33
1326 3
1327 2
1328 9
1329 3
1330 6
1331 3
1332 3
1333 19
1334 2
1335 17
1336 11
1337 3
1338 3
1339 8
1340 9
1341 3
1342 0
1343 3
1344 19
1345 3
1346 3
1347 3
1348 3
1349 1
1350 1
1351 23
1352 12
1353 3
1354 3
1355 3
1356 3
1357 1
1358 23
1359 15
1360 5
1361 6
1362 3
1363 5
1364 3
1365 3
1366 5
1367 0
1368 3
1369 3
1370 3
1371 3
1372 33
1373 3
1374 3
1375 30
1376 5
1377 3
1378 3
1379 3
1380 3
1381 3
1382 3
1384 1
1385 3
1386 3
1387 3
1388 3
1389 11
1390 0
1392 3
1393 3
1394 11
1395 3
1396 3
1397 12
1398 3
1399 3
1400 3
1401 3
1402 33
1403 19
1404 8
1405 1
1406 3
1407 3
1408 3
1409 11
1410 2
1411 3
1412 1
1413 2
1414 3
1415 3
1416 3
1417 1
1418 3
1419 5
1420 3
1421 3
1422 3
1423 22
1424 3
1425 5
1426 3
1427 3
1428 2
1429 3
1430 3
1431 3
1432 3
1433 2
1434 32
1435 3
1436 2
1437 3
1438 2
1439 3
1440 3
1441 1
1442 5
1443 1
1444 3
1445 11
1446 2
1447 8
1448 3
1449 3
1450 1
1451 3
1452 3
1453 1
1454 11
1455 3
1456 8
1457 1
1458 3
1459 3
1460 2
1461 3
1462 3
1463 2
1464 3
1465 31
1466 3
1467 2
1468 3
1469 6
1470 3
1471 11
1472 3
1473 3
1474 3
1475 5
1476 3
1477 15
1478 3
1479 3
1480 3
1481 1
1482 3
1483 3
1484 3
1485 19
1486 15
1487 3
1488 3
1489 3
1490 3
1491 3
1492 1
1493 0
1494 2
1495 1
1496 5
1497 3
1498 3
1499 36
1500 3
1501 5
1502 11
1503 3
1504 3
1505 1
1506 3
1507 3
1508 5
1509 3
1510 3
1511 3
1512 7
1513 3
1514 3
1515 1
1516 3
1517 2
1518 3
1519 0
1520 3
1521 3
1522 3
1523 10
1524 10
1525 5
1526 6
1527 37
1528 15
1529 1
1530 5
1531 3
1532 3
1533 11
1534 1
1535 3
1536 32
1537 3
1538 3
1539 10
1540 38
1541 3
1542 1
1543 3
1544 2
1545 3
1546 6
1547 3
1548 3
1549 3
1550 3
1551 3
1552 1
1553 2
1554 23
1555 2
1556 1
1557 3
1558 1
1559 12
1560 3
1561 1
1562 3
1563 3
1564 3
1565 3
1566 3
1567 3
1568 3
1569 3
1570 3
1571 2
1572 2
1573 1
1574 1
1575 5
1576 3
1577 8
1578 6
1579 3
1580 3
1581 3
1582 3
1583 23
1584 3
1585 2
1586 3
1587 2
1588 3
1589 23
1590 3
1591 3
1592 3
1593 6
1594 3
1595 11
1596 5
1597 33
1598 3
1599 3
1600 0
1601 3
1602 19
1603 3
1604 3
1605 3
1606 11
1607 11
1608 3
1609 1
1610 33
1611 3
1612 7
1613 23
1614 3
1615 6
1616 3
1617 3
1618 3
1619 3
1620 7
1621 3
1622 3
1623 17
1624 15
1625 5
1626 5
1627 21
1628 3
1629 3
1630 3
1631 15
1632 3
1633 5
1634 3
1635 7
1636 11
1637 3
1638 3
1639 3
1640 3
1641 17
1642 3
1643 3
1644 5
1645 3
1646 2
1647 19
1648 3
1649 13
1650 1
1651 1
1652 8
1653 11
1654 3
1655 3
1656 6
1657 3
1658 36
1659 5
1660 3
1661 8
1662 10
1663 3
1664 3
1665 1
1666 3
1667 13
1668 3
1669 5
1670 1
1671 3
1672 0
1673 23
1674 2
1675 3
1676 17
1677 6
1678 11
1679 15
1680 3
1681 2
1682 3
1683 15
1684 3
1685 3
1686 1
1687 2
1688 3
1689 2
1690 3
1691 3
1692 6
1693 3
1694 5
1695 3
1696 11
1697 3
1698 3
1699 3
1700 3
1701 3
1702 3
1703 3
1704 1
1705 6
1706 3
1707 3
1708 3
1709 1
1710 3
1711 36
1712 3
1713 5
1714 23
1715 3
1716 3
1717 3
1718 3
1719 3
1720 3
1721 1
1722 3
1723 1
1724 3
1725 5
1726 2
1727 30
1728 1
1729 2
1730 3
1731 3
1732 3
1733 3
1734 3
1735 3
1736 39
1737 3
1738 0
1739 3
1740 3
1741 3
1742 3
1743 3
1744 2
1745 3
1746 3
1747 3
1748 3
1749 3
1750 5
1751 3
1752 1
1753 40
1754 3
1755 3
1756 3
1757 5
1758 1
1759 1
1760 13
1761 3
1762 3
1763 1
1764 1
1765 3
1766 33
1767 3
1768 3
1769 3
1770 3
1771 3
1772 2
1773 8
1774 1
1775 3
1776 3
1777 3
1778 0
1779 3
1780 3
1781 3
1782 1
1783 24
1784 3
1785 3
1786 3
1787 1
1788 1
1789 3
1790 24
1791 1
1792 3
1793 3
1794 3
1795 3
1796 3
1797 3
1798 1
1799 3
1800 11
1801 5
1802 1
1803 33
1804 2
1805 3
1806 1
1807 2
1808 3
1809 3
1810 3
1811 2
1812 8
1813 3
1814 19
1815 3
1816 6
1817 1
1818 3
1819 3
1820 11
1821 1
1822 3
1823 3
1824 3
1825 3
1826 2
1827 10
1828 3
1829 3
1830 15
1831 1
1832 3
1833 3
1834 6
1835 3
1836 3
1837 2
1838 3
1839 11
1840 3
1841 3
1842 3
1843 3
1844 2
1845 1
1846 3
1847 3
1848 3
1849 2
1850 0
1851 3
1852 0
1853 3
1854 41
1855 1
1856 2
1857 3
1858 3
1859 1
1860 3
1861 33
1862 3
1863 1
1864 3
1865 3
1866 3
1867 3
1868 3
1869 3
1870 1
1871 3
1872 3
1873 3
1874 3
1875 3
1876 3
1877 3
1878 39
1879 41
1880 1
1881 8
1882 1
1884 3
1885 3
1886 3
1887 3
1888 3
1889 5
1890 1
1891 2
1892 2
1893 3
1894 3
1895 3
1896 1
1897 3
1898 3
1899 2
1900 15
1901 3
1902 3
1903 5
1904 3
1905 1
1906 3
1907 2
1908 6
1909 5
1910 3
1911 1
1912 3
1913 6
1914 3
1915 6
1916 3
1917 3
1918 1
1919 10
1920 5
1921 5
1922 10
1923 1
1924 3
1925 19
1926 1
1927 3
1928 3
1929 10
1930 3
1931 3
1932 3
1933 3
1934 6
1935 3
1936 3
1937 1
1938 3
1939 3
1940 2
1941 1
1942 3
1943 2
1944 15
1945 3
1946 3
1947 1
1948 1
1949 3
1950 3
1951 5
1952 2
1953 3
1954 3
1955 8
1956 3
1957 28
1958 23
1959 32
1960 3
1961 2
1962 0
1963 3
1964 15
1965 5
1966 0
1967 3
1968 3
1969 3
1970 1
1971 3
1972 2
1973 3
1974 3
1975 6
1976 1
1977 3
1978 3
1979 0
1980 3
1981 3
1982 3
1983 7
1984 3
1985 1
1986 3
1987 3
1988 3
1989 1
1990 3
1991 3
1992 2
1993 3
1994 3
1995 24
1996 3
1997 1
1998 13
1999 3
2000 2
2001 3
2002 15
2003 3
2004 3
2005 8
2006 1
2007 3
2008 2
2009 3
2010 3
2011 23
2012 3
2013 3
2014 3
2015 3
2016 15
2017 3
2018 19
2019 2
2020 2
2021 3
2022 3
2023 7
2024 0
2025 23
2026 11
2027 19
2028 5
2029 11
2030 3
2031 3
2032 11
2033 15
2034 1
2035 3
2036 1
2037 3
2038 3
2039 15
2040 11
2041 1
2042 3
2043 3
2044 3
2045 11
2046 2
2047 11
2048 3
2049 3
2050 3
2051 3
2052 3
2054 3
2055 3
2056 3
2057 3
2058 3
2059 11
2060 3
2061 3
2062 12
2063 1
2064 3
2065 1
2066 1
2067 3
2068 3
2069 1
2070 2
2071 3
2072 6
2073 3
2074 3
2075 5
2076 3
2077 6
2078 1
2079 19
2080 3
2081 3
2082 5
2083 23
2084 42
2085 3
2086 3
2087 5
2088 21
2089 34
2090 5
2091 3
2092 1
2093 5
2094 3
2095 2
2096 1
2097 1
2098 3
2099 1
2100 23
2101 2
2102 3
2103 3
2104 7
2105 1
2106 1
2107 5
2108 3
2109 3
2110 3
2111 8
2112 5
2113 3
2114 3
2115 11
2116 17
2117 6
2118 3
2119 3
2120 3
2121 1
2122 2
2124 2
2125 3
2126 3
2127 24
2128 1
2129 3
2130 3
2131 3
2132 3
2133 3
2134 3
2135 3
2136 7
2137 12
2138 23
2139 3
2140 3
2141 3
2142 2
2143 32
2144 1
2145 1
2146 3
2147 13
2148 3
2149 3
2150 3
2151 23
2152 3
2153 1
2154 5
2155 3
2156 1
2157 33
2158 3
2159 3
2160 2
2161 3
2162 0
2163 5
2164 8
2165 5
2166 15
2167 5
2168 31
2169 2
2170 3
2171 3
2172 10
2173 3
2174 3
2175 3
2176 1
2177 8
2178 3
2179 0
2180 3
2181 3
2182 3
2183 3
2184 3
2185 5
2186 3
2187 11
2188 3
2189 31
2190 5
2191 5
2192 5
2193 1
2194 3
2195 3
2196 3
2197 6
2198 1
2199 2
2200 5
2201 6
2202 3
2203 3
2204 10
2205 1
2206 3
2207 3
2208 3
2209 2
2210 1
2211 15
2212 3
2213 21
2214 3
2215 3
2216 3
2217 3
2218 3 10
2219 3
2220 8
2221 3
2222 8
2223 1
2224 5
2225 3
2226 19
2227 8
2228 3
2229 3
2230 17
2231 3
2232 3
2233 1
2234 1
2235 3
2236 15
2237 3
2238 3
2239 1
2240 15
2241 12
2242 3
2243 3
2244 12
2245 3
2246 3
2247 3
2248 5
2249 3
2250 8
2251 3
2252 1
2253 3
2254 8
2255 3
2256 3
2257 11
2258 3
2259 5 30
2260 3
2261 3
2262 10
2263 11
2264 3
2265 3
2266 3
2267 6
2268 3
2269 2
2270 2
2271 5
2272 3
2273 11
2274 3
2275 2
2276 3
2277 5
2278 3
2279 1
2280 24
2281 3
2282 5
2283 3
2284 3
2285 3
2286 3
2287 23
2288 3
2289 3
2290 3
2291 5
2292 3
2293 3
2294 1
2295 3
2296 2
2298 3
2299 2
2300 2
2301 3
2302 3
2303 3
2304 3
2305 1
2306 3
2307 3
2308 7
2309 3
2310 19
2311 2
2312 3
2313 3
2314 3
2315 3
2316 43
2317 22
2318 3
2319 3
2320 3
2321 5
2322 3
2323 3
2324 2
2325 8
2326 11
2327 7
2328 3
2329 3
2330 3
2331 3
2332 3
2333 3
2334 1
2335 2
2336 7
2337 5
2338 5
2339 3
2340 7
2341 3
2342 6
2343 10
2344 5
2345 3
2347 3
2348 1
2349 2
2350 10
2351 13
2352 2
2353 3
2354 6
2355 3
2356 3
2357 2
2358 7
2359 11
2360 1
2361 3
2362 2
2363 3
2364 3
2365 3
2366 3
2367 3
2368 3
2369 3
2370 1
2371 3
2372 3
2373 3
2374 5
2375 2
2376 3
2377 3
2378 2
2379 1
2380 2
2381 3
2382 3
2383 1
2384 2
2385 1
2386 10
2387 3
2388 44
2389 3
2390 8
2391 17
2392 19
2393 3
2394 0
2395 3
2396 3
2398 2
2399 2
2400 1
2401 6
2402 1
2403 5
2404 3
2405 7
2406 5
2407 5
2408 5
2409 3
2410 3
2411 3
2412 5
2413 19
2414 3
2415 3
2416 10
2417 3
2418 3
2419 19
2420 3
2421 3
2422 5
2423 5
2424 3
2425 8
2426 3
2427 2
2428 7
2429 2
2430 3
2431 3
2432 12
2433 15
2434 17
2435 5
2436 3
2437 6
2438 12
2439 5
2440 4
2441 1
2442 3
2443 8
2444 30
2445 3
2446 5
2447 3
2448 3
2449 3
2450 5
2451 2
2452 11
2453 0
2454 2
2455 3
2456 7
2457 3
2458 1
2459 3
2460 4
2461 3
2462 3
2463 31
2464 8
2465 3
2466 3
2467 10
2468 3
2469 2
2470 1
2471 6
2472 1
2473 3
2474 3
2475 3
2476 3
2477 3
2478 6
2479 3
2480 7
2481 3
2482 3
2483 1
2484 3
2485 3
2486 3
2487 6
2488 45
2489 3
2490 3
2491 5
2492 2
2493 3
2494 3
2495 3
2496 9
2497 1
2498 3
2499 3
2500 3
2501 17
2502 1
2503 1
2504 1
2505 3
2506 1
2507 3
2508 3
2509 7
2510 15
2511 5
2512 3
2513 3
2514 3
2515 2
2516 3
2517 3
2518 1
2519 2
2520 2
2521 3
2522 3
2523 17
2524 2
2525 6
2526 2
2527 3
2528 3
2529 3
2530 5
2531 3
2532 3
2533 11
2534 15
2535 8
2536 19
2537 10
2538 2
2539 2
2540 1
2541 3
2542 3
2543 3
2544 3
2545 7
2546 2
2547 3
2548 2
2549 3
2550 3
2551 3
2552 7
2553 3
2554 3
2555 8
2556 36
2557 3
2558 2
2559 7
2560 3
2561 3
2562 3
2563 3
2564 2
2565 3
2566 3
2567 3
2568 3
2569 3
2570 2
2571 5
2572 3
2573 3
2574 3
2575 0
2576 6
2577 3
2578 11
2579 10
2580 3
2581 6
2582 7
2583 3
2584 3
2585 3
2586 2
2587 5
2588 5
2589 0
2590 5
2591 3
2592 5
2593 5
2594 3
2595 2
2596 3
2597 6
2598 7
2599 6
2600 0
2601 3
2602 1
2603 1
2604 3
2605 3
2606 2
2607 3
2608 1
2609 1
2610 7
2611 3
2612 9
2613 3
2614 2
2615 3
2616 3
2617 7
2618 3
2619 3
2620 3
2621 10
2622 27
2623 1
2624 3
2625 3
2626 1
2627 0
2628 8
2629 3
2630 5
2631 12
2632 5
2633 3
2634 10
2635 8
2636 1
2637 23
2638 3
2639 3
2640 3
2641 1
2642 3
2643 3
2644 3
2645 3
2646 3
2647 13
2648 3
2649 46
2650 3
2651 3
2652 6
2653 41
2654 15
2655 3
2656 1
2657 3
2658 3
2659 3
2660 5
2661 3
2662 3
2663 41
2664 5
2665 13
2666 1
2667 13
2668 3
2669 3
2670 1
2671 2
2672 3
2673 7
2674 5
2675 3
2676 3
2677 3
2678 3
2679 3
2680 3
2681 6
2682 1
2683 13
2684 1
2685 10
2686 10
2687 15
2688 3
2689 19
2690 3
2691 11
2692 1
2693 5
2694 3
2695 1
2696 3
2697 3
2698 8
2699 7
2700 2
2701 3
2702 3
2703 19
2704 15
2705 3
2706 3
2707 23
2708 3
2709 3
2710 3
2711 3
2712 3
2713 3
2714 3
2715 3
2716 11
2717 3
2718 3
2719 47
2720 3
2721 2
2722 3
2723 6
2724 5
2725 6
2726 1
2727 1
2728 2
2729 1
2730 2
2731 3
2732 5
2733 3
2734 3
2735 48
2736 3
2737 8
2739 1
2740 5
2741 2
2742 8
2743 11
2744 0
2745 3
2746 3
2747 40
2748 3
2749 3
2750 0
2751 3
2752 1
2753 1
2754 3
2755 3
2756 3
2757 3
2758 5
2759 3
2760 1
2761 3
2762 3
2763 3
2765 1
2766 3
2767 3
2768 3
2769 2
2770 6
2771 1
2772 10
2773 1
2774 10
2775 3
2776 10
2777 3
2778 3
2779 3
2780 23
2781 3
2782 1
2783 1
2784 1
2785 11
2786 3
2787 3
2788 6
2789 5
2790 3
2791 2
2792 3
2793 3
2794 1
2795 5
2796 2
2797 8
2798 3
2799 5
2800 1
2801 3
2802 3
2803 3
2804 0
2805 3
2806 1
2807 49
2808 5
2809 3
2810 35
2811 5
2812 1
2813 2
2814 3
2815 9
2816 2
2817 3
2818 3
2819 2
2820 8
2821 3
2822 5
2823 3
2824 3
2825 5
2826 17
2827 5
2828 3
2829 3
2830 5
2831 3
2832 3
2833 3
2834 3
2835 3
2836 3
2837 5
2838 3
2839 3
2840 2
2841 3
2842 3
2843 5
2844 5
2845 3
2846 1
2847 1
2848 3
2849 3
2850 3
2851 2
2852 2
2853 19
2854 3
2855 3
2856 2
2857 3
2858 8
2859 3
2860 3
2861 2
2862 6
2863 17
2864 15
2865 3
2866 0
2867 5
2868 1
2869 3
2870 8
2871 5
2872 0
2873 5
2874 2
2875 3
2876 2
2877 3
2878 23
2879 11
2880 3
2881 1
2882 3
2883 3
2884 3
2885 3
2886 2
2887 8
2888 3
2889 3
2890 33
2891 1
2892 3
2893 15
2894 5
2895 2
2896 5
2897 0
2898 3
2899 3
2900 6
2901 50
2902 8
2903 3
2904 3
2905 7
2906 2
2907 3
2908 8
2909 3
2910 8
2911 3
2912 3
2913 1
2914 3
2915 3
2916 3
2917 6
2918 3
2919 3
2920 1
2921 3
2922 3
2923 3
2924 3
2925 30
2926 0
2927 24
2928 3
2929 6
2930 3
2931 11
2932 3
2933 6
2934 3
2935 3
2936 1
2937 11
2939 17
2940 3
2941 31
2942 3
2943 15
2944 3
2945 3
2946 3
2947 3
2948 1
2949 1
2950 8
2951 3
2952 2
2953 3
2954 0
2955 3
2956 3
2957 2
2958 1
2959 3
2960 11
2961 1
2962 10
2963 3
2964 1
2965 3
2966 3
2967 3
2968 11
2969 5
2970 3
2971 8
2972 24
2973 51
2974 33
2975 3
2976 3
2977 15
2978 32
2979 3
2980 5
2981 3
2982 5
2983 3
2984 3
2985 6
2986 1
2987 3
2988 3
2989 0
2990 3
2991 3
2992 3
2993 13
2994 15
2995 3
2996 1
2997 0
2998 3
2999 6
3000 3
3001 3
3002 3
3003 9
3004 3
3005 3
3006 3
3007 11
3008 10
3009 10
3010 3
3011 3
3012 1
3013 3
3014 3
3015 5
3016 3
3017 5
3018 2
3019 5
3020 3
3021 3
3022 3
3023 1
3024 1
3025 10
3026 0
3027 1
3028 1
3029 3
3030 16
3031 15
3032 40
3033 14
3034 12
3035 5
3036 5
3037 19
3038 5
3039 2
3040 10
3041 8
3042 1
3043 3
3044 3
3045 17
3046 10
3047 0
3048 1
3049 3
3050 3
3051 2
3052 3
3053 5
3054 9
3055 3
3056 3
3057 27
3058 3
3059 3
3060 3
3061 11
3062 19
3063 5
3064 5
3065 3
3066 3
3067 0
3068 11
3069 6
3070 1
3071 3
3072 2
3073 15
3074 3
3075 5
3076 3
3077 6
3078 1
3079 10
3080 2
3081 3
3082 1
3083 3
3084 3
3086 10
3087 3
3088 3
3090 3
3091 5
3092 3
3093 6
3094 1
3095 3
3096 6
3097 1
3098 5
3099 3
3100 2
3101 1
3102 5
3103 3
3104 6
3105 6
3106 3
3107 3
3108 1
3109 3
3110 3
3111 5
3112 8
3113 2
3114 2
3115 16
3116 19
3117 8
3118 0
3119 3
3120 15
3121 33
3122 2
3123 3
3124 5
3125 3
3126 3
3127 3
3128 8
3129 3
3130 3
3131 8
3132 2
3133 11
3134 14
3135 1
3136 6
3137 8
3138 3
3139 10
3140 11
3141 3
3142 3
3143 3
3144 5
3145 3
3146 3
3147 36
3148 3
3149 3
3150 3
3151 33
3152 3
3153 3
3154 3
3155 6
3156 10
3157 15
3158 2
3159 19
3160 6
3161 3
3162 2
3163 23
3164 2
3165 3
3166 3
3167 3
3168 3
3169 2
3170 3
3171 8
3172 15
3173 3
3174 10
3175 3
3176 3
3177 6
3178 3
3179 5
3180 19
3181 6
3182 3
3183 3
3184 1
3185 1
3186 3
3187 3
3188 5
3189 6
3190 3
3191 3
3192 3
3193 0
3194 7
3195 3
3196 12
3197 3
3198 30
3199 11
3200 3
3201 2
3202 6
3203 3
3204 3
3205 5
3206 3
3207 3
3208 3
3209 1
3210 7
3211 15
3212 17
3213 3
3214 6
3215 15
3216 3
3217 3
3218 3
3219 6
3220 3
3221 3
3222 3
3223 0
3224 6
3225 3
3226 7
3227 15
3228 3
3229 1
3230 3
3231 33
3232 0
3233 3
3234 2
3235 3
3236 8
3237 6
3238 13
3239 5
3240 3
3241 3
3242 5
3243 10
3244 3
3245 5
3246 8
3247 10
3248 28
3249 3
3250 41
3251 3
3252 3
3253 5
3254 8
3255 12
3256 2
3257 3
3258 3
3259 12
3260 8
3261 3
3262 6
3263 0
3264 19
3265 8
3266 3
3267 5
3268 5
3269 3
3270 15
3271 2
3272 3
3273 3
3274 8
3275 3
3276 7
3277 5
3278 3
3279 3
3280 51
3281 3
3282 3
3283 3
3284 3
3285 3
3286 12
3287 0
3288 3
3289 52
3290 10
3291 3
3292 1
3293 2
3294 1
3295 3
3296 5
3297 7
3298 5
3299 3
3300 11
3301 5
3302 2
3303 2
3304 2
3305 15
3306 5
3307 3
3308 3
3309 2
3310 3
3311 3
3312 22
3313 5
3314 1
3315 6
3316 3
3317 3
3318 19
3319 6
3320 5
3321 3
3322 2
3323 6
3324 12
3325 34
3326 1
3327 1
3328 7
3329 3
3330 5
3331 3
3332 36
3333 3
3334 6
3335 3
3336 3
3337 11
3338 3
3339 41
3340 2
3341 11
3342 15
3343 5
3344 3
3345 3
3346 15
3347 5
3348 3
3349 3
3350 11
3351 2
3352 2
3353 15
3354 53
3355 5
3356 2
3357 6
3358 3
3359 3
3360 3
3361 3
3362 3
3363 32
3364 1
3365 3
3366 0
3367 11
3368 3
3369 5
3370 5
3371 3
3372 0
3373 3
3374 0
3375 3
3376 3
3377 3
3378 1
3379 5
3380 5
3381 3
3382 3
3383 0
3384 3
3385 1
3386 21
3387 5
3388 1
3389 3
3390 1
3391 8
3392 3
3393 8
3394 51
3395 3
3397 19
3398 0
3399 19
3400 25
3401 1
3402 1
3403 6
3404 8
3405 3
3406 3
3407 3
3408 32
3409 15
3410 3
3411 1
3412 1
3413 5
3414 3
3415 3
3416 17
3417 3
3418 1
3419 8
3420 5
3421 5
3422 5
3423 5
3424 1
3425 0
3426 54
3427 3
3428 3
3429 22
3430 17
3431 1
3432 3
3433 3
3434 13
3435 2
3436 6
3437 3
3438 3
3439 3
3440 8
3441 3
3442 1
3443 3
3444 3
3445 5
3446 3
3447 8
3448 3
3449 3
3450 8
3451 3
3452 1
3453 1
3454 3
3455 8
3456 3
3457 3
3458 3
3459 1
3460 11
3461 2
3462 41
3463 3
3464 11
3465 0
3466 2
3467 5
3468 19
3469 17
3470 5
3471 3
3472 3
3473 3
3474 8
3475 5
3476 3
3477 3
3478 19
3479 3
3480 3
3481 5
3482 3
3483 7
3484 3
3485 3
3486 1
3487 7
3488 3
3489 6
3490 1
3491 2
3492 15
3493 3
3494 3
3495 1
3496 8
3497 10
3498 15
3499 5
3500 3
3501 7
3502 3
3503 3
3504 5
3505 5
3506 3
3507 8
3508 1
3509 9
3511 3
3512 5
3513 7
3514 1
3515 3
3516 8
3517 3
3518 3
3519 4
3520 3
3521 3
3522 3
3523 3
3524 8
3525 5
3526 3
3527 11
3528 3
3529 23
3530 2
3531 2
3532 2
3533 1
3534 5
3535 5
3536 3
3537 2
3538 3
3539 5
3540 3
3541 3
3542 1
3543 22
3544 3
3545 3
3546 1
3547 5
3548 5
3549 6
3550 1
3551 3
3552 3
3553 12
3554 10
3555 27
3556 1
3557 3
3558 1
3559 3
3560 3
3561 1
3562 3
3563 2
3564 3
3565 19
3566 5
3567 7
3568 3
3569 3
3570 7
3571 3
3572 8
3573 3
3574 8
3575 5
3576 3
3577 3
3578 0
3579 3
3580 1
3581 1
3582 2
3583 3
3584 3
3585 5
3586 2
3587 3
3588 7
3589 3
3590 5
3591 17
3592 3
3593 3
3594 7
3595 3
3596 5
3597 23
3598 3
3599 5
3600 8
3601 32
3602 3
3603 3
3604 3
3605 5
3606 3
3607 2
3608 3
3609 3
3610 27
3611 5
3612 3
3613 24
3614 1
3615 3
3616 1
3617 1
3618 3
3619 3
3620 3
3621 28
3622 3
3623 5
3624 3
3625 3
3626 3
3627 3
3628 1
3629 11
3630 3
3631 3
3632 3
3633 5
3634 10
3635 3
3636 2
3637 3
3638 5
3639 1
3640 3
3641 3
3642 3
3643 5
3644 6
3645 3
3646 3
3647 1
3648 15
3649 3
3650 3
3652 2
3653 5
3654 3
3655 3
3656 3
3657 3
3658 12
3659 1
3660 1
3661 3
3662 3
3663 19
3664 1
3665 13
3666 2
3667 19
3668 3
3669 24
3670 3
3671 9
3672 19
3673 1
3674 3
3675 5
3676 3
3677 1
3678 3
3679 1
3680 41
3681 3
3682 3
3683 3
3684 3
3685 3
3686 8
3687 3
3688 3
3689 3
3690 1
3691 2
3692 19
3693 3
3694 3
3695 3
3696 23
3697 7
3698 1
3699 2
3700 3
3701 3
3702 3
3703 3
3704 3
3705 3
3706 3
3707 5
3708 3
3710 5
3711 3
3712 3
3713 1
3714 8
3715 3
3716 3
3717 3
3718 3
3719 21
3720 2
3721 6
3722 5
3723 5
3724 8
3725 31
3726 3
3727 0
3728 3
3730 5
3731 11
3732 0
3733 3
3734 5
3735 2
3736 3
3737 3
3738 3
3739 15
3740 8
3741 1
3742 32
3743 5
3744 33
3745 0
3746 3
3747 5
3748 3
3749 2
3750 3
3751 1
3752 51
3753 3
3754 3
3755 3
3756 3
3757 21
3758 2
3759 6
3760 7
3762 3
3763 3
3764 33
3765 3
3766 4
3767 3
3768 55
3769 3
3770 3
3771 11
3772 3
3773 5
3774 3
3775 2
3776 3
3777 7
3778 3
3779 1
3780 8
3781 3
3782 3
3783 1
3784 3
3785 17
3786 6
3787 3
3788 3
3789 3
3790 2
3791 1
3792 3
3793 3
3794 3
3795 3
3796 3
3797 8
3798 12
3799 6
3800 3
3801 3
3802 32
3803 19
3804 19
3805 3
3806 3
3807 3
3808 11
3809 1
3810 3
3811 3
3812 31
3813 3
3814 3
3815 8
3816 3
3817 15
3818 5
3819 12
3820 56
3821 5
3822 12
3823 3
3824 3
3825 3
3826 17
3827 3
3828 3
3829 3
3830 11
3831 3
3832 1
3833 5
3834 14
3836 7
3837 3
3838 9
3839 31
3840 8
3841 8
3842 3
3843 6
3844 3
3845 2
3846 3
3847 3
3848 3
3849 1
3850 12
3851 11
3852 19
3853 8
3854 8
3855 5
3856 1
3857 1
3858 8
3859 35
3860 1
3861 3
3862 3
3863 32
3864 5
3865 1
3866 37
3868 3
3869 3
3870 5
3871 3
3872 9
3873 8
3874 3
3875 15
3877 3
3878 3
3879 3
3880 3
3881 3
3882 12
3883 1
3884 36
3885 0
3886 11
3887 3
3888 8
3889 12
3890 3
3891 35
3892 9
3893 3
3894 3
3895 2
3897 3
3898 3
3899 4
3900 1
3901 3
3903 3
3904 3
3905 10
3906 1
3907 7
3908 3
3909 31
3910 8
3911 3
3912 8
3913 3
3914 1
3915 3
3916 8
3917 6
3918 3
3919 17
3920 3
3921 3
3922 6
3923 1
3924 3
3925 3
3926 6
3927 3
3928 2
3929 3
3930 3
3931 12
3932 8
3933 1
3934 3
3935 5
3936 3
3937 21
3938 3
3939 3
3940 3
3941 3
3942 5 8
3943 6
3944 1
3945 5
3946 15
3947 17
3948 1
3949 5
3950 3
3951 1
3952 3
3953 5
3954 1
3955 35
3956 3
3957 3
3958 1
3959 6
3960 5
3961 3
3962 3
3963 3
3964 0
3965 5
3966 5
3967 3
3968 3
3969 5
3970 3
3971 3
3972 2
3973 3
3974 8
3975 1
3976 3
3977 8
3978 31
3979 3
3980 5
3981 3
3982 3
3983 10
3984 7
3985 3
3986 7
3987 3
3988 6
3989 3
3990 41
3991 3
3992 1
3993 3
3994 5
3995 24
3996 3
3997 3
3998 2
3999 8
4000 3
4001 5
4002 3
4003 0
4004 15
4005 3
4006 2
4007 3
4008 17
4009 3
4010 5
4011 1
4012 3
4013 3
4014 3
4015 2
4016 19
4017 3
4018 3
4019 3
4020 19
4021 1
4022 3
4023 3
4024 3
4025 32
4026 3
4027 8
4028 0
4029 6
4030 7
4031 2
4032 24
4033 3
4034 3
4035 36
4036 15
4037 8
4038 5
4039 3
4040 1
4041 3
4042 3
4043 3
4044 9
4045 5
4046 5
4047 19
4048 6
4049 3
4050 3
4051 3
4052 3
4053 2
4054 1
4055 3
4056 3
4057 8
4058 41
4059 3
4060 11
4061 15
4062 3
4063 6
4064 3
4065 5
4066 3
4067 3
4068 2
4069 3
4070 1
4071 3
4072 19
4073 15
4074 3
4075 3
4076 1
4077 3
4078 9
4079 3
4080 5
4081 3
4082 3
4083 8
4084 3
4085 3
4086 15
4087 3
4088 13
4089 7
4090 13
4091 3
4092 5
4093 5
4094 15
4095 3
4096 3
4097 1
4098 5
4099 3
4100 5
4101 3
4102 2
4103 41
4104 3
4105 1
4106 24
4107 3
4108 3
4109 2
4111 12
4112 17
4113 5
4114 6
4115 3
4116 3
4117 17
4118 3
4119 1
4120 1
4121 3
4122 5
4123 33
4124 3
4125 17
4126 52
4127 3
4128 3
4129 7
4130 8
4131 3
4132 7
4133 5
4134 3
4135 33
4136 3
4137 3
4138 5
4139 6
4140 3
4141 3
4142 1
4143 8
4144 12
4145 3
4146 1
4147 16
4148 3
4149 17
4150 17
4151 5
4152 5
4153 13
4154 0
4155 3
4156 3
4157 8
4158 5
4159 5
4160 3
4161 2
4162 1
4163 3
4164 3
4165 1
4166 57
4167 3
4168 6
4169 5
4170 3
4171 3
4172 3
4173 3
4174 17
4175 1
4176 3
4177 3
4178 10
4179 19
4180 19
4181 8
4182 5
4183 3
4184 3
4185 12
4186 5
4187 6
4188 8
4189 3
4190 3
4191 8
4192 5
4194 6
4195 3
4196 8
4197 2
4198 6
4199 32
4200 12
4201 3
4202 6
4203 3
4204 17
4205 17
4206 1
4208 5
4209 1
4210 1
4211 2
4212 3
4213 3
4214 11
4215 3
4216 3
4217 22
4218 5
4219 3
4220 1
4221 3
4222 6
4223 3
4224 8
4225 5
4226 42
4227 3
4228 1
4229 5
4230 3
4231 3
4232 3
4233 5
4234 3
4235 3
4236 7
4237 3
4238 7
4239 3
4240 3
4241 3
4242 15
4243 17
4244 3
4245 6
4246 2
4247 3
4248 6
4249 3
4250 3
4251 3
4252 3
4253 3
4254 3
4255 5
4256 3
4257 3
4258 3
4259 1
4260 5
4261 8
4262 3
4263 3
4264 6
4265 3
4266 3
4267 3
4268 7
4269 8
4270 3
4271 31
4272 8
4273 8
4274 10
4275 5
4276 3
4277 3
4279 3
4280 3
4281 7
4282 13
4283 3
4284 3
4285 19
4286 3
4287 3
4288 1
4289 2
4290 13
4291 5
4292 1
4293 6
4294 3
4295 6
4296 1
4297 3
4298 8
4299 3
4300 0
4301 10
4302 8
4303 30
4304 5
4305 3
4306 1
4307 15
4308 3
4309 33
4310 10
4311 1
4312 3
4313 11
4314 19
4315 7
4316 1
4317 3
4318 15
4319 33
4320 8
4321 3
4322 23
4323 1
4324 5
4325 34
4326 3
4327 1
4328 5
4329 3
4330 15
4331 3
4332 3
4333 5
4334 5
4336 11
4337 1
4338 3
4339 1
4340 5
4341 3
4342 3
4343 17
4344 3
4345 15
4346 5
4347 1
4348 15
4349 3
4350 3
4351 5
4352 3
4353 3
4354 2
4355 10
4356 3
4357 3
4358 23
4359 3
4360 15
4361 5
4362 5
4363 24
4364 5
4365 1
4366 58
4367 19
4368 3
4369 3
4370 3
4371 5
4372 3
4373 3
4374 12
4375 1
4376 3
4377 5
4378 31
4379 5
4380 3
4381 8
4382 8
4383 3
4384 3
4385 3
4386 3
4387 21
4388 5
4389 5
4390 6
4391 12
4392 3
4393 1
4394 6
4395 1
4396 3
4397 8
4398 3
4399 3
4400 5
4401 3
4402 41
4403 3
4404 3
4405 8
4406 3
4407 3
4408 3
4409 3
4410 6
4411 3
4412 15
4413 7
4414 5
4415 3
4416 6
4417 15
4418 3
4419 3
4420 7
4421 3
4422 2
4424 1
4425 1
4426 5
4427 7
4428 3
4429 7
4430 3
4431 1
4432 5
4433 5
4434 1
4435 1
4436 19
4437 33
4438 3
4439 3
4440 3
4441 13
4442 17
4443 5
4444 15
4445 17
4446 5
4447 7
4448 3
4449 7
4450 3
4451 3
4452 3
4453 24
4454 16
4455 3
4456 6
4457 1
4458 2
4459 11
4460 11
4461 6
4462 3
4463 3
4464 3
4465 3
4466 33
4467 3
4468 3
4469 3
4470 5
4471 3
4472 8
4473 12
4474 10
4475 6
4477 8
4478 6
4479 7
4480 12
4481 3
4482 5
4483 3
4484 2
4485 3
4486 19
4487 1
4488 16
4489 1
4490 3
4491 3
4492 3
4493 3
4494 3
4495 1
4496 12
4497 3
4498 3
4499 21
4500 5
4501 5
4502 3
4503 19
4504 5
4505 3
4506 0
4507 3
4508 6
4509 8
4510 3
4511 19
4512 7
4513 3
4514 1
4515 3
4516 3
4517 2
4518 5
4519 3
4520 1
4521 3
4522 3
4523 3
4524 3
4525 5
4526 10
4527 5
4528 8
4529 1
4530 3
4531 7
4532 23
4533 5
4534 3
4535 3
4537 8
4538 17
4540 3
4541 19
4542 6
4543 5
4544 28
4545 1
4547 8
4548 3
4549 1
4550 7
4551 1
4552 19
4553 24
4554 2
4555 1
4556 6
4557 37
4558 15
4559 3
4560 3
4561 3
4562 15
4563 1
4564 12
4565 24
4566 3
4567 7
4568 6
4569 3
4570 15
4571 8
4572 3
4573 5
4574 3
4575 1
4576 1
4577 15
4578 5
4579 5
4581 2
4582 19
4583 3
4584 8
4585 5
4586 7
4587 3
4588 12
4590 8
4591 8
4592 6
4593 3
4594 1
4595 15
4596 15
4597 3
4598 3
4599 3
4600 3
4601 3
4602 7
4603 3
4604 3
4605 1
4606 5
4607 8
4608 3
4609 5
4610 24
4611 3
4612 5
4613 8
4614 5
4615 3
4616 3
4617 3
4618 21
4619 7
4620 5
4621 5
4622 5
4623 0
4624 3
4625 5
4626 13
4627 3
4628 1
4629 3
4630 3
4631 5
4632 3
4633 3
4634 5
4635 7
4636 7
4637 41
4638 13
4639 5
4640 3
4641 3
4642 19
4643 3
4644 41
4645 7
4646 0
4647 3
4648 8
4649 3
4650 8
4651 3
4652 15
4653 5
4654 7
4655 3
4656 5
4657 3
4658 8
4659 3
4660 3
4661 6
4662 19
4663 3
4664 3
4665 31
4666 6
4667 3
4668 2
4669 5
4670 3
4671 3
4672 5
4673 5
4674 3
4675 5
4676 5
4677 7
4678 7
4679 33
4680 3
4681 3
4682 8
4683 42
4684 3
4685 3
4686 7
4687 5
4688 5
4689 5
4690 3
4691 1
4692 8
4693 5
4694 5
4695 5
4696 31
4697 3
4698 5
4699 3
4700 19
4701 3
4702 7
4703 3
4704 54
4705 8
4706 8
4707 5
4708 8
4709 17
4710 5
4711 1
4712 3
4713 1
4714 6
4715 8
4716 3
4717 15
4718 8
4719 3
4720 5
4721 1
4722 1
4723 5
4724 5
4725 3
4726 0
4727 3
4728 5
4729 23
4730 3
4732 1
4733 3
4734 1
4735 8
4736 3
4737 23
4738 5
4739 2
4740 8
4741 3
4743 2
4744 6
4745 3
4746 3
4747 5
4748 5
4749 3
4750 3
4751 1
4752 59
4753 11
4754 8
4755 7
4756 2
4757 7
4759 28
4760 3
4761 60
4762 5
4763 3
4765 6 8
4766 3
4767 2
4768 8
4769 5
4770 9
4771 31
4772 7
4773 8
4774 3
4775 5
4776 5
4777 1
4778 1
4779 11
4780 3
4781 3
4782 2
4783 3
4784 7
4785 1
4786 1
4787 5
4788 41
4789 3
4790 5
4791 3
4792 5
4794 61
4795 19
4796 3
4797 8
4798 3
4800 8
4801 2
4802 3
4803 1
4804 1
4805 3
4806 2
4807 3
4808 3
4809 5
4810 5
4811 21
4812 8
4813 3
4814 1
4815 15
4816 3
4817 5
4818 3
4819 3
4820 7
4821 6
4822 3
4823 12
4824 19
4825 5
4826 7
4827 7
4828 19
4830 19
4831 1
4832 5
4833 6
4834 15
4835 3
4836 8
4837 8
4839 2
4840 1
4841 36
4842 3
4843 17
4844 15
4845 11
4846 8
4847 62
4849 3
4850 17
4851 17
4852 3
4853 3
4854 8
4855 3
4856 19
4857 3
4858 5
4859 5
4860 5
4861 3
4863 5
4864 3
4865 3
4866 5
4867 5
4868 1
4869 17
4870 3
4871 3
4872 41
4873 3
4874 11
4875 3
4876 24
4877 1
4878 2
4879 1
4880 3
4881 8
4882 2
4883 8
4884 3
4885 9
4886 8
4887 5 7
4888 7
4889 2
4890 8
4891 8
4892 35
4893 7
4894 3
4895 3
4896 8
4897 21
4898 3
4899 19
4900 3
4901 1
4902 3
4903 3
4904 3
4905 19
4906 41
4907 3
4908 3
4909 19
4910 3
4911 3
4912 7
4913 3
4914 3
4915 50
4916 2
4917 6
4918 13
4919 8
4920 19
4921 7
4922 3
4923 3
4924 19
4925 3
4926 12
4927 5
4928 3
4929 3
4930 12
4933 10
4934 5
4935 5
4936 8
4937 19
4938 17
4939 3
4940 6
4941 17
4942 5
4943 3
4944 3
4945 3
4946 5
4947 3
4948 7
4951 7
4952 1
4953 19
4954 3
4955 5
4956 1
4957 12
4958 2
4959 8
4960 3
4961 1
4962 11
4963 3
4964 3
4965 5
4966 12
4967 1
4968 6
4969 3
4970 23
4971 0
4973 3
4974 3
4975 2
4976 5
4977 1
4978 7
4979 5
4980 3
4981 3
4982 19
4983 23
4984 19
4985 5
4986 3
4987 10
4988 3
4989 3
4990 19
4991 15
4992 15
4993 3
4994 3
4995 3
4996 19
4997 6
4998 5
4999 19
5001 7
5002 3
5003 7
5004 8
5005 3
5006 8
5007 10
5008 3
5009 3
5010 19
5011 1
5012 15
5013 33
5014 3
5015 3
5016 3
5017 3
5018 8
5019 1
5020 3
5021 3
5022 2
5023 19
5024 1
5025 3
5026 12
5027 11
5028 3
5029 17
5030 7
5032 3
5033 41
5034 5
5035 7
5036 5
5037 8
5038 6
5039 3
5040 3
5041 1
5042 31
5043 3
5044 3
5045 9
5046 5
5047 24
5048 3
5049 5
5050 5
5051 3
5052 5
5053 3
5054 5
5055 5
5056 3
5057 8
5058 13
5059 3
5060 3
5061 3
5062 17
5063 5
5064 5
5065 33
5066 11
5067 3
5068 24
5069 3
5070 41
5071 34
5072 1
5073 3
5074 3
5075 3
5076 5
5077 3
5078 3
5079 5
5080 3
5081 15
5082 3
5083 5
5084 1
5085 5
5086 3
5087 63
5088 0
5089 5
5090 15
5091 8
5092 32
5093 5
5094 49
5095 5
5096 3
5097 15
5098 3
5099 3
5100 7
5101 19
5102 9
5103 1
5105 19
5106 15
5107 15
5108 3
5109 5
5110 21
5111 1
5112 3
5113 7
5114 3
5115 13
5116 3
5117 15
5118 5
5119 22
5120 3
5121 33
5122 19
5123 5
5124 2
5127 5
5129 10
5130 3
5131 3
5132 3
5133 16
5134 3
5135 3
5136 7
5137 3
5138 3
5139 3
5140 3
5141 3
5142 3
5143 3
5144 5
5145 3
5146 0
5147 3
5148 17
5149 8
5150 3
5151 5
5152 1
5154 12
5155 2
5156 15
5157 3
5158 31
5159 0
5160 7
5161 3
5162 6
5163 3
5164 7
5165 3
5166 3
5167 3
5168 3
5169 3
5170 3
5171 1
5172 6
5173 5
5174 19
5175 17
5176 8
5177 0
5178 4
5179 3
5180 17
5181 36
5183 39
5184 3
5185 3
5186 3
5187 31
5188 3
5189 19
5190 3
5191 3
5192 1
5193 2
5195 3
5196 3
5197 64
5198 23
5199 3
5200 3
5201 7
5202 3
5203 3
5204 3
5205 3
5206 8
5207 8
5208 39
5209 1
5210 2
5211 3
5212 7
5213 3
5214 3
5215 3
5216 5
5217 24
5219 3
5221 7
5223 15
5224 3
5225 1
5226 65
5227 8
5228 3
5229 5
5230 3
5232 1
5233 3
5234 8
5236 3
5237 3
5238 19
5241 3
5242 7
5243 5
5244 6
5245 3
5246 3
5247 0
5249 13
5250 5
5251 5
5252 3
5253 1
5254 3
5255 5
5256 2
5258 3
5259 3
5260 7
5261 5
5262 3
5263 62
5264 7
5265 8
5266 3
5267 3
5268 3
5269 2
5270 5
5272 3
5273 3
5274 7
5275 62
5276 3
5277 19
5278 5
5279 3
5280 19
5281 3
5282 5
5283 24
5284 7
5285 8
5286 8
5287 1
5288 19
5289 12
5290 3
5291 3
5292 3
5293 7
5294 5
5295 3
5296 5
5297 19
5298 15
5299 30
5300 5
5301 3
5302 5
5303 2
5304 3
5305 3
5306 9
5307 3
5308 5
5309 13
5310 19
5311 3
5312 8
5313 3
5314 36
5315 7
5316 5
5317 3
5318 31
5319 3
5320 3
5321 2
5322 11
5323 8
5324 5
5325 24
5326 23
5327 41
5328 3
5329 3
5330 3
5331 15
5332 5
5333 8
5334 2
5335 3
5336 1
5337 3
5338 12
5339 8
5340 2
5341 3
5342 3
5343 31
5345 7
5346 3
5347 8
5348 8
5349 3
5350 7
5351 3
5352 3
5353 2
5354 2
5355 3
5356 3
5357 2
5358 17
5359 7
5360 5
5361 5
5362 19
5363 3
5364 5
5365 5
5366 19
5367 3
5368 3
5369 21
5370 17
5371 3
5372 7
5373 5
5374 15
5375 3
5376 6
5377 3
5380 62
5381 36
5382 13
5383 5
5384 3
5385 6
5386 3
5387 5
5388 3
5389 3
5390 0
5391 2
5392 23
5393 3
5394 3
5395 5
5396 3
5397 3
5398 5
5399 16
5400 8
5401 1
5402 3
5403 6
5404 3
5405 2
5406 5
5407 15
5408 3
5409 5
5410 3
5411 3
5412 19
5413 8
5414 17
5415 7
5416 3
5417 7
5419 3
5420 3
5421 16
5422 5
5423 6
5424 5
5425 31
5426 3
5427 19
5428 3
5430 19
5431 42
5432 6
5433 3
5434 19
5435 15
5436 5
5437 8
5438 3
5439 1
5440 3
5441 3
5443 7
5444 17
5445 5
5446 7
5447 22
5449 66
5450 5
5451 1
5452 6
5453 3
5454 25
5455 8
5456 3
5457 5
5458 1
5459 7
5460 33
5461 19
5462 1
5463 0
5465 17
5466 3
5467 3
5468 41
5469 7
5471 7
5472 3
5473 6
5474 3
5475 21
5477 3
5479 12
5480 7
5481 34
5482 17
5483 17
5484 1
5485 8
5487 3
5488 10
5489 21
5490 3
5491 7
5492 41
5493 3
5494 3
5495 3
5497 1
5499 7
5500 3
5501 8
5502 5
5503 21
5504 3
5505 8
5506 3
5507 5
5508 33
5509 19
5511 23
5512 5
5513 7
5514 3
5515 5
5516 19
5517 3
5518 36
5519 3
5520 27
5521 3
5522 3
5523 8
5524 8
5525 19
5527 41
5528 31
5529 3
5530 7
5531 15
5532 3
5533 3
5534 3
5535 8
5536 39
5537 5
5538 5
5539 1
5540 11
5541 3
5542 7
5543 5
5546 5
5547 1
5548 2
5549 3
5550 15
5551 6
5553 7
5554 3
5555 3
5556 1
5557 3
5558 15
5559 5
5560 8
5561 8
5562 3
5564 2
5565 3
5566 7
5567 5
5568 2
5570 15
5572 5
5573 3
5574 67
5575 3
5576 33
5577 3
5578 8
5579 3
5580 3
5581 58
5582 3
5583 3
5584 3
5585 10
5587 24
5588 6
5589 5
5591 3
5592 3
5593 5
5594 8
5596 1
5598 3
5599 5
5600 19
5601 8
5602 8
5603 3
5604 1
5605 7
5606 3
5607 3
5608 21
5609 8
5610 3
5611 3
5613 3
5615 13
5616 3
5617 8
5618 3
5619 5
5620 19
5621 2
5622 3
5623 5
5624 5
5625 24
5626 19
5627 7
5628 3
5629 7
5630 39
5631 19
5632 3
5633 8
5634 3
5635 5
5636 3
5637 3
5638 3
5639 3
5640 3
5641 3
5642 13
5643 17
5644 5
5645 5
5646 3
5647 8
5648 3
5649 8
5650 5
5651 49
5653 1
5654 5
5657 8
5658 7
5659 6
5660 3
5661 24
5663 8
5664 23
5665 17
5666 15
5669 3
5671 10
5672 5
5676 1
5677 5
5678 5
5679 5
5680 8
5681 19
5682 41
5683 3
5684 15
5685 31
5687 3
5688 24
5689 19
5690 3
5691 1
5693 21
5694 3
5695 3
5696 3
5697 1
5699 5
5700 6
5701 8
5702 1
5703 23
5704 3
5705 15
5706 5
5707 7
5708 3
5709 1
5710 15
5712 17
5716 3
5717 1
5718 8
5719 7
5720 3
5721 5
5723 8
5724 1
5725 5
5726 3
5727 3
5728 15
5729 21
5730 3
5731 6
5732 5
5734 3
5735 7
5739 5
5741 12
5742 1
5743 13
5744 3
5745 5
5746 3
5747 17
5749 5
5750 9
5751 5
5752 3
5753 3
5756 3
5757 3
5758 13
5759 1
5761 3
5762 3
5763 9
5764 3
5765 3
5766 5
5767 3
5769 8
5770 3
5771 24
5772 3
5773 5
5774 5
5775 3
5776 54
5777 8
5778 3
5779 7
5780 6
5781 15
5782 4
5783 3
5784 3
5785 7
5786 3
5789 3
5792 8
5794 5
5795 5
5797 3
5800 3
5801 5
5802 5
5803 3
5804 3
5805 5
5806 5
5807 12
5809 3
5810 24
5811 5
5812 5
5813 3
5815 15
5816 7
5817 3
5819 3
5820 3
5821 41
5823 3
5825 5
5828 0
5829 7
5830 15
5831 3
5833 8
5834 3
5835 15
5836 21
5837 17
5838 15
5839 15
5841 8
5842 8
5843 5
5844 3
5845 19
5847 3
5848 19
