0 0 1 2 3 4 5 7 8 9 10 11 12 13 14 15 16 17
1 0 1 4 5 6 7 12 13 14 15 16 17 18
2 0 1 4 7 8 10 12 14 15
3 0 1 2 3 4 5 6 7 8 9 10 11 12 13 14 15 16 17
4 0 1 2 3 4 5 7 8 11 12 13 15 16 17 18
5 0 1 2 3 4 5 7 8 10 11 12 13 14 15 16 17 18
6 0 1 2 3 4 5 7 8 9 10 11 12 13 14 15 16 18
7 0 1 2 3 4 5 7 8 10 11 12 13 14 15 16 17 18
8 0 1 2 3 4 5 7 8 9 12 13 14 15 16 17
9 0 1 2 3 4 5 7 8 11 13 14 15 16 18
10 0 1 4 5 7 10 12 13 14 15 16 17 18
11 0 4 7 8 13 14 15 16
12 0 1 4 5 7 10 12 13 14 15 16 17
13 0 1 4 5 7 10 11 12 13 14 15 16 17 18
14 0 1 2 3 4 5 7 8 10 12 13 14 15 16 17 18
15 0 1 2 3 4 5 6 7 8 9 10 12 13 14 15 16 18
16 0 1 2 3 4 5 6 7 8 9 10 11 12 13 14 15 16 17 18
17 0 1 2 3 4 5 6 7 8 9 10 11 12 13 14 15 16 17 18
18 0 1 2 3 4 5 7 8 9 10 11 12 13 14 15 16
19 0 1 2 3 4 5 6 7 8 10 11 12 13 14 15 16 18
20 0 1 2 3 4 5 7 8 9 10 11 12 13 14 15 16 17 18
21 0 1 2 3 4 5 6 7 8 9 10 11 12 13 14 15 16 17 18
22 0 1 2 3 4 5 6 7 8 9 10 12 13 14 15 16 17
23 0 1 2 3 4 5 7 8 10 11 12 13 14 15 16 18
24 0 1 2 3 4 5 7 8 12 13 14 15 16 18
25 0 4 5 7 10 12 15
26 0 1 2 3 4 5 7 8 9 11 12 13 14 15 16 17 18
27 0 1 2 3 4 5 6 7 8 9 10 11 12 13 14 15 16 17 18
28 0 1 2 3 4 5 6 7 8 9 10 11 12 13 14 15 16 17 18
29 0 1 2 3 4 5 7 8 12 13 14 15 16 18
30 0 1 2 3 4 5 6 7 8 10 11 12 13 14 15 16
31 0 1 3 4 5 6 7 8 10 11 12 13 14 15 16
32 0 1 2 3 4 5 7 8 9 10 11 12 13 14 15 16 17
33 0 1 2 3 4 5 7 8 10 12 13 14 15 16 17 18
34 0 1 3 4 5 7 8 12 13 15 17 18
35 0 1 4 5 7 9 12 13 15 16
36 0 1 3 4 5 7 8 10 11 13 14 15 16 17 18
37 0 1 2 3 4 5 6 7 8 11 12 13 15 16 17 18
38 0 1 2 3 4 5 7 8 9 10 11 12 13 14 15 16 17 18
39 0 1 2 3 4 5 7 8 10 11 12 13 14 15 16 17 18
40 0 1 2 3 4 5 7 8 9 10 11 12 13 14 15 16 17 18
41 0 1 2 3 4 5 6 7 8 9 10 11 12 13 14 15 16 17 18
42 0 1 2 3 4 5 7 8 10 11 12 13 14 15 16 17 18
43 0 1 2 4 5 7 13 14 15
44 0 1 2 3 4 5 6 7 8 10 11 12 13 14 15 16 17 18
45 0 1 2 3 4 5 7 8 10 11 12 13 14 15 16 17 18
46 0 1 3 4 5 6 7 8 11 12 13 14 15 16 17 18
47 0 1 2 3 4 5 7 8 10 11 12 13 14 15 18
48 0 1 2 3 4 5 7 10 12 13 14 15 16 18
49 0 1 2 3 4 5 6 7 8 9 10 11 12 13 14 15 16 17
50 0 1 2 3 4 5 6 7 8 9 10 11 12 13 14 15 16 17 18
51 0 1 2 3 4 5 6 7 8 10 11 12 13 14 15 16 17 18
52 0 1 4 5 7 9 10 11 12 13 14 15 16
53 4 5 7 10 13 15 16
54 0 1 4 5 7 8 12 15 16
55 0 1 2 3 4 5 7 8 10 11 12 13 14 15 16 18
56 0 1 2 3 4 5 6 7 8 9 10 11 12 13 14 15 16 17 18
57 0 1 2 3 4 5 7 8 11 12 13 14 15 16 17 18
58 0 1 2 3 4 5 6 7 8 9 10 12 13 14 15 16 18
59 0 1 2 3 4 5 7 11 12 13 15 16 18
60 0 1 4 5 7 8 10 12 13 14 15 16 17
61 0 1 2 3 4 5 7 8 9 10 11 12 13 14 15 16 17 18
62 0 1 2 3 4 5 6 7 8 9 10 11 12 13 14 15 16 17 18
63 0 1 2 3 4 5 6 7 8 9 10 11 12 13 14 15 16 17 18
64 0 1 4 5 7 8 12 13 14 15 16 18
65 0 1 2 3 4 5 7 8 9 10 11 12 13 14 15 16 17 18
66 0 1 2 3 4 5 7 8 12 13 14 15 16 17 18
67 0 1 2 3 4 5 6 7 8 9 10 11 12 13 14 15 16 17 18
68 0 1 4 5 7 8 9 10 12 13 14 15 16 17
69 0 1 2 3 4 5 6 7 8 10 12 13 14 15 16 17 18
70 0 1 2 3 4 5 7 8 12 13 14 15 16
71 0 1 4 5 7 10 12 13 14 15 16 17 18
72 0 1 2 3 4 5 7 8 10 11 12 13 14 15 16 17 18
73 0 1 4 5 6 7 8 9 10 11 12 13 14 15 16 17
74 0 1 2 3 4 5 7 8 10 11 12 13 14 15 16 17 18
75 0 1 4 5 6 7 8 10 12 13 14 15 16 17 18
76 0 1 2 3 4 5 7 8 13 14 15 18
77 0 1 2 3 4 5 7 8 12 13 14 15 18
78 0 1 4 5 6 7 8 9 10 11 12 13 14 15 16
79 0 1 2 3 4 5 7 8 9 10 12 13 14 15 16 18
80 0 1 7 12 14 15
81 0 1 2 3 4 5 7 8 10 11 12 13 14 15 16 17 18
82 0 1 2 3 4 5 7 8 10 11 12 13 14 15 16 18
83 0 1 3 4 5 6 7 8 9 10 11 12 13 14 15 16 17 18
84 1 3 4 7 8 12 13 16
85 0 1 2 3 4 5 7 8 10 11 12 13 14 15 16 17 18
86 0 1 2 3 4 7 8 10 11 12 13 14 15
87 0 1 4 5 7 8 10 12 13 14 15 16 17 18
88 0 1 2 3 4 5 6 7 8 10 11 12 13 14 15 16 17 18
89 0 1 3 4 5 6 7 8 10 11 12 13 14 15 16
90 0 1 2 3 4 5 6 7 8 9 10 11 12 13 14 15 16 17 18
91 0 1 2 3 4 7 8 10 11 12 13 14 15 16 18
92 0 1 2 3 4 5 7 8 10 11 12 13 14 15 16 17 18
93 0 1 2 3 4 5 7 8 11 12 14 15 16 17 18
94 0 1 2 3 4 5 6 7 8 9 10 11 12 13 14 15 16 18
95 0 1 2 3 4 5 7 8 9 10 11 12 13 14 15 16 17 18
96 0 1 2 3 4 5 7 8 10 13 14 15 16 18
97 0 1 2 3 4 5 7 8 10 11 12 13 14 15 16 18
98 0 1 2 3 4 5 7 10 11 12 13 14 15 16 17 18
99 0 1 2 3 4 5 7 8 10 11 12 13 14 15 16 17 18
100 0 1 2 3 4 5 7 8 10 11 12 13 14 15 18
101 0 1 2 3 4 5 7 10 11 12 13 14 15 16 17 18
102 0 1 2 3 4 5 6 7 8 9 10 11 12 13 14 15 16 17 18
103 0 1 2 3 4 5 7 8 9 10 11 12 13 14 15 16 17 18
104 0 1 2 3 4 5 6 7 8 9 10 11 12 13 14 15 16 17 18
105 0 1 2 3 4 5 7 8 10 12 13 14 15 18
106 0 1 2 3 4 5 7 8 10 12 13 14 15 16 17 18
107 0 1 2 3 4 5 7 11 12 13 14 15 16 17
108 0 4 5 7 10 11 12 13 14 15 16 17
109 0 1 4 5 6 7 12 13 14 15 16
110 0 1 2 3 4 5 6 7 8 10 11 12 13 14 15 16 17 18
111 0 1 2 3 4 5 7 8 10 11 12 13 14 15 16 17 18
112 0 1 2 3 4 5 7 8 9 10 11 12 13 14 15 16
113 0 1 2 3 4 5 7 8 10 11 13 14 15 18
114 0 1 2 3 4 5 7 8 9 10 11 12 13 14 15 16 17 18
115 0 1 2 3 4 5 7 8 10 11 12 13 14 15 16 17
116 0 1 2 3 4 5 7 8 10 11 12 13 14 15 16 17 18
117 0 1 4 5 7 12 14 15 16 17
118 0 1 2 3 4 5 6 7 8 9 10 11 12 13 14 15 16 17 18
119 0 1 3 4 5 7 13 14 15
120 0 1 2 3 4 5 7 8 13 14 15 16 17
121 0 1 2 3 4 5 6 7 8 9 10 11 12 13 14 15 16 17 18
122 0 1 2 3 4 5 7 8 10 12 13 14 15 16 17 18
123 0 1 2 3 4 5 7 8 9 10 12 13 14 15 16
124 0 1 2 3 4 5 7 8 9 10 11 12 13 14 15 16 17 18
125 0 1 2 3 4 5 7 8 11 12 13 14 15 16 17 18
126 0 4 5 7 9 11 12 13 15 16 17
127 0 1 4 5 7 8 9 10 11 12 13 14 15 16
128 0 1 2 3 4 5 7 8 9 10 11 12 13 14 15 16 18
129 0 1 3 4 5 7 8 10 13 14 15 16 18
130 0 1 2 4 5 7 8 9 10 12 13 14 15 16 18
131 0 1 2 3 4 5 7 8 9 10 11 12 13 14 15 16 18
132 4 5 7 12 13 14 15 16
133 0 1 2 3 4 5 7 8 10 11 12 13 14 15 16 17 18
134 0 1 2 3 4 5 6 7 8 10 11 12 13 14 15 16 17
135 0 1 2 3 4 5 7 8 10 11 12 13 14 15 16 18
136 0 1 2 3 4 5 6 7 8 9 10 11 12 13 14 15 16 17 18
137 0 1 2 3 4 7 8 13 14 15 18
138 0 1 2 3 4 5 7 8 11 12 13 14 15 16 18
139 0 1 2 3 4 5 6 7 8 9 10 11 12 13 14 15 16 17 18
140 0 1 2 3 4 5 7 8 10 11 12 13 14 15 16 17 18
141 0 1 2 3 4 5 7 8 10 11 12 13 15 16 17 18
142 0 1 2 3 4 5 6 7 8 11 13 14 15 16 18
143 0 1 2 3 4 5 6 7 8 10 11 12 13 14 15 16 17 18
144 1 2 3 4 5 7 8 11 12 13 15 16 17 18
145 1 2 3 4 5 7 8 10 12 13 14 15
146 0 1 4 5 7 10 13 14 15 16 17
147 0 1 2 3 4 5 7 8 11 12 13 14 15 16 18
148 0 1 2 3 4 7 8 10 12 13 14 15 16
149 0 1 4 5 7 12 13 14 15
150 0 1 2 3 4 5 7 8 10 11 13 14 15
151 0 1 2 3 4 5 6 7 8 9 10 11 12 13 14 15 16 18
152 0 1 4 5 7 8 11 12 13 14 15 16 18
153 0 1 2 3 4 5 7 8 12 13 14 15 16 18
154 0 1 2 3 4 5 7 8 10 13 14 15 16 17
155 0 1 2 3 4 5 6 7 8 9 10 11 12 13 14 15 16 17 18
156 0 1 2 3 4 5 7 8 12 14 15 16
157 0 1 4 5 6 7 8 10 12 13 14 15
158 0 1 2 3 4 5 7 8 11 12 13 14 15 16 18
159 0 1 2 3 4 5 7 8 9 10 11 12 13 14 15 16 17 18
160 0 1 2 3 4 5 6 7 8 10 11 12 13 14 15
161 0 1 2 3 4 5 7 11 12 13 14 15 16 17 18
162 0 3 4 7 12 13 15
163 0 1 3 4 5 7 8 10 13 14 15 16 17
164 0 1 2 3 4 5 7 8 10 11 12 13 14 15 16 17
165 0 1 2 3 4 5 6 7 8 9 10 11 12 13 14 15 16 17 18
166 0 1 2 3 4 5 7 8 9 10 11 12 13 14 15 16 17 18
167 0 1 2 3 4 5 6 7 8 9 10 11 12 13 14 15 16 17
168 0 1 2 3 4 5 6 7 8 10 11 12 13 14 15 16 17 18
169 0 1 2 3 4 5 7 8 10 11 13 14 15 16 17
170 0 1 2 3 4 5 7 8 10 11 12 13 14 15 16 17
171 0 1 2 3 4 5 7 8 10 11 12 13 14 15 16 17
172 0 1 4 7 13 14 15 16 18
173 0 1 2 3 4 5 7 8 10 11 12 13 14 15 17 18
174 3 4 7 11 13
175 0 1 4 5 7 10 12 13 14 15 16 17 18
176 0 1 2 3 4 5 6 7 8 9 10 11 12 13 14 15 16 17 18
177 0 1 2 3 4 5 6 7 8 10 12 13 14 15 16 17 18
178 0 1 2 3 4 5 7 8 10 11 12 13 14 15 16 17 18
179 0 1 2 3 4 5 7 8 9 10 13 14 15 16
180 0 1 2 3 4 5 7 8 11 12 13 14 15 16 18
181 0 1 2 3 4 5 6 7 8 9 10 11 12 13 14 15 16 17 18
182 0 1 4 5 7 10 11 12 13 14 15 16 17
183 0 1 2 3 4 5 6 7 8 10 12 13 14 15 16 18
184 0 1 2 3 4 5 7 8 11 12 13 14 15 18
185 0 1 2 3 4 5 6 7 8 9 10 11 12 13 14 15 16 17 18
186 0 1 2 3 4 5 6 7 8 9 10 11 12 13 14 15 16 17 18
187 0 1 2 3 4 5 7 8 9 11 12 13 15 16 17
188 0 1 2 3 4 5 7 8 10 12 13 14 15 16 18
189 0 1 2 3 4 5 6 7 8 9 11 12 13 14 15 16 18
190 0 1 2 3 4 5 6 7 8 9 12 13 14 15 16
191 0 1 4 5 7 12 13 14 15 16 17 18
192 0 1 2 4 5 7 8 10 12 13 14 15 16 18
193 0 1 4 5 7 9 10 11 12 13 14 15 16
194 0 1 3 4 5 7 8 10 12 13 14 15 16 17 18
195 0 1 2 3 4 5 7 10 11 12 14 15 16 18
196 0 1 4 5 7 12 13 14 15 17
197 0 1 2 3 4 5 7 8 9 10 11 12 13 14 15 16 17 18
198 0 1 3 4 5 6 7 8 9 10 11 12 13 14 15 16 17 18
199 0 1 2 3 4 5 6 7 8 9 10 11 12 13 14 15 16 17 18
200 0 1 2 3 4 5 7 8 10 11 12 13 14 15 16 17 18
201 0 1 2 3 4 5 6 7 8 9 10 11 12 13 14 15 16 17 18
202 0 1 2 3 4 5 7 8 10 12 13 14 15 16 17 18
203 0 1 2 3 4 5 7 8 9 10 12 13 14 15 16 17 18
204 0 1 2 3 4 5 6 7 8 12 13 14 15 16 17 18
205 0 1 2 3 4 5 7 8 11 12 13 14 15 17
206 0 1 4 5 7 8 10 13 14 15 17
207 0 1 4 5 7 10 12 13 14 15 16
208 0 1 2 3 4 5 7 8 10 12 13 14 15 16 18
209 0 1 2 3 4 5 7 8 10 12 13 14 15 16 18
210 0 1 2 3 4 5 7 8 9 10 11 12 13 14 15 16 18
211 0 1 2 3 4 5 7 8 9 10 11 12 13 14 15 16 17 18
212 0 1 2 3 4 5 7 8 10 11 12 13 14 15 16 18
213 7 13
214 0 1 3 4 5 6 7 8 9 10 12 13 14 15 16 18
215 0 1 2 3 4 5 6 7 8 9 10 11 12 13 14 15 16 17 18
216 0 1 2 3 4 5 7 8 10 11 12 13 14 15 16 17
217 0 1 4 5 7 8 9 10 11 12 13 14 15 16 18
218 0 1 2 3 4 5 6 7 8 9 10 11 12 13 14 15 16 17 18
219 0 1 2 3 4 5 6 7 8 10 11 12 13 14 15 16 17 18
220 0 1 2 3 4 5 6 7 8 9 10 11 12 13 14 15 16 17
221 0 1 2 4 5 7 8 9 10 11 12 13 14 15 16 17 18
222 0 1 2 3 4 5 6 7 8 9 10 11 12 13 14 15 16 18
223 0 1 2 3 4 5 7 8 10 12 13 14 15 16
224 0 1 2 3 4 5 7 8 10 11 12 13 14 15
225 0 1 2 3 4 5 6 7 8 10 11 12 13 14 15 16 17 18
226 0 1 2 3 4 5 6 7 8 9 10 11 12 13 14 15 16 17 18
227 0 1 2 3 4 5 7 8 10 12 13 14 15 16
228 0 1 2 3 4 5 7 8 10 11 12 13 14 15 16 18
229 0 1 2 3 4 5 7 8 10 12 13 14 15 16 18
230 0 1 4 5 7 10 13 14 15 18
231 0 1 2 3 4 5 6 7 8 9 10 11 12 13 14 15 16 17 18
232 0 1 2 3 4 5 6 7 8 10 11 12 13 14 15 16 17 18
233 0 1 2 3 4 5 7 8 10 11 12 13 14 15 16 17 18
234 0 1 2 3 4 5 6 7 8 10 11 12 13 14 15 16 17 18
235 0 1 4 5 7 8 10 11 12 13 14 15
236 0 1 4 5 7 10 12 13 14 15 16 18
237 0 1 4 5 7 9 12 13 15 16 17
238 0 1 2 3 4 5 6 7 8 9 10 11 12 13 14 15 16 17 18
239 0 1 2 3 4 5 7 8 10 11 12 13 14 15 16 17 18
240 0 1 2 3 4 5 7 8 10 11 12 13 14 15 16 17 18
241 0 1 4 5 7 10 12 13 14 15 16 17
242 0 1 2 3 4 5 7 8 11 12 13 14 15 16
243 0 1 4 5 7 8 10 12 13 14 15 16 17
244 1 2 3 4 6 8
245 0 1 2 3 4 5 7 8 9 10 11 12 13 14 15 16 17 18
246 0 1 2 3 4 5 7 8 10 11 12 13 14 15 16 17 18
247 0 1 2 3 4 5 6 7 8 12 13 14 15 18
248 0 1 2 3 4 5 6 7 8 9 10 11 12 13 14 15 16 17 18
249 0 1 2 3 4 5 7 8 10 11 12 13 14 15 16 17
250 0 1 2 3 4 5 6 7 8 10 12 13 14 15 16 18
251 0 1 2 3 4 5 7 8 11 12 13 14 15 18
252 0 1 2 4 5 6 7 8 9 11 12 13 14 15 16 17
253 0 1 2 3 4 5 6 7 8 9 10 11 12 13 14 15 16 17 18
254 0 1 3 4 5 11 14 15 16
255 0 1 2 3 4 5 6 7 8 10 11 12 13 14 15 16 17 18
256 0 1 2 3 4 5 7 8 11 12 13 14 15
257 0 1 2 3 4 5 7 8 10 12 13 14 15 16 18
258 0 1 2 3 4 5 7 8 11 12 13 14 15
259 0 1 2 3 4 5 6 7 8 10 11 12 13 14 15 16
260 0 1 4 5 7 12 13 14 15 16 17 18
261 0 1 2 3 4 5 7 8 10 11 13 14 15
262 0 1 2 3 4 5 6 7 8 9 10 11 12 13 14 15 16 17 18
263 0 1 2 3 4 5 7 8 10 11 12 13 14 15 16 18
264 0 1 3 4 5 7 8 10 11 12 13 14 15 16 17 18
265 0 1 2 3 4 5 6 7 8 9 10 11 12 13 14 15 16 17
266 0 1 3 4 5 7 8 10 11 12 13 14 15 16 17 18
267 0 1 4 5 7 8 9 10 11 12 13 14 15 16 17
268 0 1 2 3 4 5 7 8 10 11 12 13 14 15
269 0 1 2 3 4 5 7 8 11 12 13 14 15
270 0 1 4 5 7 8 9 10 11 12 13 14 15 16
271 0 1 2 3 4 5 7 8 10 12 14 15 16 17 18
272 0 1 2 3 4 5 7 8 10 11 12 13 14 15 16 18
273 0 1 2 3 4 5 6 7 8 9 10 11 12 13 14 15 16 17 18
274 0 1 2 3 4 5 6 7 8 9 10 11 12 13 14 15 16 17
275 0 1 2 3 4 7 8 10 11 12 13 14 15 16 18
276 0 1 2 3 4 7 8 12 13 14 15
277 0 2 4 5 7 12 13 14 15 16
278 0 1 4 5 7 8 9 10 11 12 13 14 15 16 17 18
279 0 1 2 3 4 5 6 7 8 10 11 12 13 14 15 16 18
280 0 1 4 5 7 8 13 15 16 18
281 0 1 2 3 4 5 6 7 8 10 11 12 13 14 15 16 17 18
282 0 1 4 5 7 8 10 13 14 15 16 18
283 0 1 2 3 4 5 7 8 11 12 13 14 15 16 17 18
284 0 3 4 5 7 9 10 11 12 13 15 16 17
285 0 1 2 3 4 5 7 8 9 10 11 12 13 14 15 16 18
286 0 1 2 3 4 5 6 7 8 9 11 12 13 14 15 16 18
287 0 1 2 3 4 5 6 7 8 9 10 11 12 13 14 15 16 17 18
288 0 1 2 3 4 5 6 7 8 10 11 13 14 15 16 17
289 0 1 2 3 4 5 6 7 8 9 10 11 12 13 14 15 16 17 18
290 0 1 2 3 4 5 7 8 12 13 14 15 16 18
291 0 1 2 3 4 5 6 7 8 10 11 12 13 14 15 16 17 18
292 4 5 7 10 14 15
293 0 1 2 3 4 5 6 7 8 10 11 12 13 14 15 16 17
294 0 1 3 4 5 7 8 9 10 12 13 14 15 16 17 18
295 0 1 2 3 4 5 6 7 8 12 13 14 15 16 17 18
296 0 4 5 7 9 10 12 13 15
297 0 1 2 3 4 5 6 7 8 9 10 11 12 13 14 15 16 17 18
298 0 1 4 5 7 10 12 14 15 16 17
299 0 1 4 5 7 8 9 10 12 13 14 15 16 17 18
300 0 1 2 3 4 5 7 8 11 12 13 14 15 16 17 18
301 0 1 4 5 7 12 13 14 15 16
302 0 1 3 4 5 7 10 12 14 15 18
303 0 1 2 3 4 5 7 8 10 11 12 13 14 15 16 17 18
304 0 1 2 3 4 5 7 8 9 10 11 12 13 14 15 16 17 18
305 0 1 2 3 4 5 7 8 10 11 12 13 14 15 18
306 0 1 2 3 4 5 6 7 8 9 10 11 12 13 14 15 16 17 18
307 0 1 2 3 4 5 7 8 11 13 14 15 18
308 0 1 2 3 4 5 7 8 9 10 11 12 13 14 15 16 17
309 0 1 2 3 4 5 6 7 8 11 12 13 14 15 16 17
310 0 1 7 8 10 13 14 15 17 18
311 0 1 3 4 5 6 7 8 9 10 11 12 13 14 15 16 17 18
312 0 1 2 3 4 5 7 8 9 10 11 12 13 14 15 16 17 18
313 0 1 2 3 4 5 7 8 10 11 12 13 14 15 16 18
314 0 1 4 5 7 8 11 13 16 17
315 0 1 4 5 7 8 9 10 11 12 13 14 15
316 0 1 2 3 4 5 6 7 8 9 10 11 12 13 14 15 16 17 18
317 0 1 2 3 4 5 6 7 8 9 10 11 12 13 14 15 16 17 18
318 0 1 2 3 4 5 7 8 11 12 13 14 15 16 18
319 0 1 2 3 4 5 6 7 8 10 12 13 14 15 18
320 0 1 2 3 4 5 7 8 10 11 12 13 14 15 16 18
321 0 1 2 3 4 5 6 7 8 9 10 12 13 14 15 16 18
322 0 1 2 3 4 5 7 8 10 11 12 13 14 15 16 18
323 0 1 4 5 7 11 13 14 15
324 0 1 2 3 4 5 7 8 9 10 11 12 13 14 15 16 17
325 0 1 4 5 6 7 8 9 10 11 12 13 14 15 16 17 18
326 0 1 2 3 4 5 7 8 10 12 13 14 15 16 17 18
327 0 1 2 3 4 5 7 8 10 11 12 13 14 15 16 17 18
328 1 4 5 7 8 9 10 11 12 15
329 0 1 2 3 4 5 7 8 10 11 12 13 14 15 16 17 18
330 0 1 2 3 4 5 7 8 9 10 11 12 13 14 15 16 17 18
331 0 1 2 3 4 5 6 7 8 9 10 11 12 13 14 15 16 17 18
332 0 1 4 7 13 17
333 0 1 2 3 4 5 6 7 8 10 11 12 13 14 15 16 17 18
334 0 1 4 5 7 10 12 13 14 15 16 17
335 0 1 2 3 4 5 7 8 9 10 12 13 14 15 16 17 18
336 0 1 2 3 4 5 7 8 10 11 12 13 14 15 16 17
337 0 1 4 5 7 10 12 13 14 15 16
338 0 1 2 3 4 5 6 7 8 9 10 11 12 13 14 15 16 17 18
339 0 1 2 3 4 5 7 8 10 11 12 13 14 15 16 17 18
340 0 1 2 3 4 5 7 8 10 12 13 14 15 16 17 18
341 0 1 2 3 4 5 7 10 12 13 14 15
342 0 1 2 3 4 5 6 7 8 9 10 12 13 14 15 16 17
343 0 1 2 3 4 5 7 8 11 12 13 14 15 16 17 18
344 0 1 4 5 7 8 10 11 12 13 14 15 16
345 0 1 2 4 5 6 7 8 9 10 11 12 13 14 15 16 17
346 0 1 2 3 4 7 8 10 11 12 13 14 15 16 18
347 0 1 4 5 6 7 8 10 11 12 13 14 15 16 17 18
348 0 1 2 3 4 5 7 8 10 11 13 14 15 16 17 18
349 0 1 2 3 4 7 8 12 13 14 15
350 0 1 2 3 4 5 7 8 9 10 11 12 13 14 15 16 18
351 0 1 2 3 4 5 7 8 10 11 12 13 14 15 16 17 18
352 0 1 2 3 4 5 6 7 8 10 11 12 13 14 15 16 17 18
353 0 1 2 3 4 5 6 7 8 9 10 11 12 13 14 15 16 17 18
354 0 1 4 5 7 11 12 13 14 15 17
355 0 1 2 3 4 5 7 8 9 10 11 12 13 14 15 16 17 18
356 0 1 2 3 4 5 6 7 8 9 10 11 12 13 14 15 16 17 18
357 0 1 2 3 4 7 8 10 11 12 13 14 15 16 18
358 0 1 2 3 4 5 7 8 10 11 12 13 14 15 16 17 18
359 0 4 5 7 8 9 10 12 13 14 15 16
360 0 1 2 3 4 5 7 8 11 12 13 14 15 16 18
361 0 1 2 3 4 5 7 8 9 10 11 12 13 14 15 16 17 18
362 0 1 4 5 7 10 12 13 14 15
363 0 1 2 3 4 5 7 8 11 12 13 14 15
364 0 1 2 3 4 5 7 8 10 11 12 13 14 15 16 17 18
365 0 1 2 3 4 5 7 8 12 13 14 15 16 18
366 0 1 2 3 4 5 7 8 9 10 11 12 13 14 15 16 17 18
367 0 1 4 5 7 8 9 10 12 13 14 15 16 17
368 0 1 2 3 4 5 6 7 8 10 11 12 13 14 15 16 18
369 0 1 2 3 4 5 6 7 8 9 10 12 13 14 15 16 18
370 0 1 2 3 4 5 7 8 9 10 11 12 13 14 15 18
371 0 1 2 3 4 5 7 8 10 11 12 13 14 15 16 17 18
372 0 1 2 3 4 5 7 8 10 11 12 13 14 15 16 17 18
373 0 1 4 5 7 8 10 12 13 14 15 16
374 0 1 2 3 4 5 7 10 12 13 14 15 16
375 0 1 2 3 4 5 7 8 9 10 11 12 13 14 15 16 17 18
376 0 1 2 3 4 5 6 7 8 9 10 11 12 13 14 15 16 17 18
377 0 1 2 3 4 5 7 8 10 11 12 13 14 15 16 18
378 0 1 3 4 5 7 13 14 15 16 17 18
379 0 1 2 3 4 5 6 7 8 9 10 11 12 13 14 15 16 17 18
380 0 1 2 3 4 5 6 7 8 10 11 12 13 14 15 16 17 18
381 0 1 2 3 4 5 7 8 10 11 12 13 14 15 16 17 18
382 0 1 4 5 7 10 12 13 14 15 16 18
383 0 1 2 3 4 5 7 8 10 12 13 14 15 16 17
384 0 1 2 3 4 5 6 7 8 9 10 11 12 13 14 15 16 17 18
385 0 1 3 4 5 7 10 13 15 17
386 0 1 2 3 4 5 6 7 8 9 10 11 12 13 14 15 16 17 18
387 0 1 2 3 4 5 8 11 13 15 18
388 0 1 2 3 4 5 7 8 12 13 14 15
389 0 1 2 3 4 5 6 7 8 10 11 12 13 14 15 16 17
390 0 1 2 3 4 5 6 7 8 9 10 11 12 13 14 15 16 17 18
391 0 1 4 5 7 8 13 15
392 0 1 2 3 4 5 6 7 8 10 11 12 13 14 15 16 18
393 0 4 5 7 12 13 15 16 17
394 0 1 4 5 7 8 12 13 14 15 16 17
395 0 1 2 3 4 5 7 8 11 12 13 15
396 0 1 4 5 7 9 12 13 14 15 16
397 0 1 2 3 4 5 6 7 8 10 11 12 13 14 15 17
398 0 1 2 3 4 5 7 8 10 12 13 14 15 16
399 0 1 2 3 4 5 7 8 10 12 13 14 15 16 18
400 0 1 2 3 4 5 7 8 10 11 12 13 14 15 16 17 18
401 0 1 2 3 4 5 7 8 10 11 13 14 15 16 18
402 0 1 4 5 7 8 10 12 13 14 15 16 17 18
403 0 1 2 3 4 5 7 10 11 13 14 15 16 17
404 0 1 2 4 5 7 8 9 10 12 13 14 15 16 17 18
405 0 1 2 3 4 7 8 10 11 13 14 15 18
406 0 1 2 3 4 5 7 8 12 14 15 16 18
407 0 1 2 3 4 5 6 7 8 10 11 12 13 14 15 16 17 18
408 0 1 3 4 5 6 7 8 10 11 13 14 15 16 17
409 0 1 2 3 4 5 6 7 8 9 10 11 12 13 14 15 16 17
410 0 1 2 3 4 5 6 7 8 10 11 12 13 14 15 16 17 18
411 0 1 3 4 5 6 7 8 9 10 12 13 14 15 16 17 18
412 0 1 4 5 7 8 10 12 13 15 16 17 18
413 0 1 2 3 4 5 6 7 8 9 10 11 12 13 14 15 16 17 18
414 0 1 2 3 4 5 6 7 8 9 10 11 12 13 14 15 16 17 18
415 0 4 5 6 7 8 9 10 12 13 14 15 16
416 0 1 2 3 4 5 7 8 10 12 13 14 15 16 18
417 0 1 3 4 5 6 7 8 9 10 11 12 13 14 15 16 17 18
418 0 1 2 4 5 6 7 8 10 11 12 13 14 15 16 18
419 0 1 2 3 4 5 6 7 8 9 10 11 12 13 14 15 16 18
420 0 1 3 4 5 7 8 10 12 13 14 15 16 17
421 0 1 2 3 4 5 7 8 9 10 12 13 14 15 16 17
422 0 1 4 5 7 8 12 13 14 15 16 17 18
423 0 1 2 3 4 5 7 8 9 10 11 12 13 14 15 16 17 18
424 0 1 2 3 4 5 7 8 9 10 11 12 13 14 15 16 17 18
425 0 1 2 3 4 5 7 8 11 12 13 14 15 16 18
426 0 1 4 5 6 7 8 10 12 13 14 15 16 17 18
427 0 1 2 3 4 5 6 7 8 9 10 11 12 13 14 15 16 18
428 0 1 2 3 4 5 7 8 10 11 12 13 14 15 16 17 18
429 0 1 2 3 4 5 7 8 10 12 13 14 15 18
430 0 4 5 7 8 12 13 15 16
431 0 1 2 3 4 5 7 8 9 10 11 12 13 14 15 16 17 18
432 0 1 4 5 7 10 12 13 14 15 18
433 0 1 2 3 4 5 6 7 8 10 11 12 13 14 15 16 17 18
434 0 1 2 3 4 5 7 8 11 12 13 14 15 17 18
435 0 1 2 3 4 5 7 8 11 12 13 14 15 16 18
436 0 1 4 5 6 7 8 12 13 14 15 16 17 18
437 0 1 2 3 4 5 6 7 8 9 10 11 12 13 14 15 16 17 18
438 0 1 2 3 4 5 6 7 8 13 14 15 16 18
439 0 1 2 3 4 7 8 9 10 12 13 14 15 16 17
440 0 1 2 3 4 5 7 8 10 12 13 14 15 16 18
442 0 1 2 3 4 5 7 8 10 12 13 14 15 16 18
443 0 1 2 3 4 5 7 8 10 11 12 13 14 15 16 18
444 0 1 2 3 4 5 7 8 10 12 13 14 15 16 17 18
445 0 1 2 3 4 5 7 8 10 11 12 13 14 15 16 17 18
446 0 1 2 3 4 5 7 8 10 11 12 13 14 15 16 17 18
447 0 1 2 3 4 5 6 7 8 9 10 11 12 13 14 15 16 17 18
448 0 1 4 5 6 7 12 13 14 15 16
449 0 1 2 3 4 5 7 8 10 11 12 13 14 15 16 17
450 0 1 2 3 4 5 7 8 10 11 12 13 14 15
451 0 1 2 3 4 5 7 8 9 10 11 12 13 14 15 16 17
452 0 1 2 3 4 5 6 7 8 9 10 11 12 13 14 15 16 17 18
453 0 1 2 4 5 7 8 9 10 12 13 14 15
454 0 1 3 4 5 7 8 10 12 13 15 16 17
455 0 1 2 3 4 5 7 8 10 11 12 13 14 15
456 0 1 2 3 4 5 7 8 10 11 12 13 14 15 16
457 0 1 2 3 4 5 7 8 11 12 13 14 15 16 17 18
458 0 1 2 3 4 5 7 8 12 13 14 15 16 17 18
459 0 1 2 3 4 5 7 8 10 11 12 13 14 15 16 18
460 0 1 4 5 7 8 10 12 13 15 16 17
461 0 1 2 3 4 5 6 7 8 9 10 11 12 13 14 15 16 17 18
462 0 1 2 3 4 5 6 7 8 10 11 13 14 15 16 18
463 0 1 3 4 5 7 8 9 10 12 13 14 15 16 17 18
464 0 1 2 3 4 5 7 8 9 10 11 12 13 14 15 16 17
465 0 1 2 3 4 5 7 8 10 11 12 13 14 15 16 18
466 0 4 7 13 16
467 0 1 2 3 4 7 8 10 11 12 13 14 15 16 17 18
468 0 1 2 3 4 5 7 8 9 10 11 12 13 14 15 16 17
469 0 1 2 3 4 5 7 8 11 13 14 15 16 17 18
470 0 1 2 3 4 5 7 8 10 11 12 13 14 15 16 18
471 0 1 4 5 7 8 12 13 14 15 18
472 0 1 2 3 4 5 6 7 8 10 12 13 14 15
473 0 1 2 3 4 5 6 7 8 9 10 11 12 13 14 15 16 17 18
474 0 1 2 3 4 5 7 8 10 11 12 13 14 15 16 17 18
475 0 1 2 3 4 5 7 8 11 12 13 14 15 16 17 18
476 0 1 2 3 4 5 6 7 8 9 10 11 12 13 14 15 16 17 18
477 0 1 2 3 4 5 7 8 11 12 13 14 15 17 18
478 0 1 2 3 4 5 7 8 10 11 12 13 14 15 16 17
479 0 1 2 3 4 5 6 7 8 9 10 11 12 13 14 15 16 17 18
480 0 4 5 7 9 12 13 15 16
481 0 1 2 3 4 5 7 8 10 11 12 13 14 15 16 18
482 0 1 2 3 4 5 6 7 8 9 10 11 12 13 14 15 16 17 18
483 0 1 2 3 4 5 6 7 8 9 10 11 12 13 14 15 16 18
484 0 1 2 3 4 5 7 10 11 13 14 15 16 17 18
485 0 1 4 5 7 8 10 12 13 14 15 16 17 18
486 0 1 2 3 4 5 7 8 10 12 13 14 15 16 18
487 0 1 2 3 4 5 6 7 8 9 10 11 12 13 14 15 16 17 18
488 0 1 2 3 4 5 6 7 8 9 10 11 12 13 14 15 16 17 18
489 0 1 2 3 4 5 7 8 10 12 13 14 15 16 18
490 0 1 2 3 4 5 7 8 12 13 14 15 16 18
491 0 1 2 3 4 5 7 8 10 11 12 13 14 15 16
492 0 1 4 5 7 8 10 13 14 15 16 17
493 0 1 5 7 10 14 15 16 17
494 0 1 2 3 4 5 6 7 8 9 10 11 12 13 14 15 16 17 18
495 0 1 2 4 5 7 8 11 12 13 14 15 18
496 0 1 2 3 4 5 7 8 10 11 12 13 14 15 16 18
497 0 1 2 3 4 5 7 11 12 13 14 15 16 18
498 0 1 2 3 4 5 6 7 8 10 11 13 14 15 17
499 0 1 2 3 4 5 7 8 10 11 12 13 14 15 16 18
500 0 1 2 4 5 7 10 13 14 15 16
501 0 1 2 3 4 5 7 8 10 11 12 13 14 15 16 17
502 0 1 2 3 4 5 6 7 8 10 11 12 13 14 15 16 18
503 0 1 2 3 4 5 6 7 8 10 11 12 13 14 15 16 17 18
504 0 1 2 3 4 5 7 8 10 11 12 13 14 15
505 0 1 4 5 6 7 8 10 12 13 14 15 17 18
506 0 1 3 4 7 13 14 15 16
507 1 4 7 14 16 17
508 0 1 2 3 4 5 6 7 8 9 10 11 12 13 14 15 16 17 18
509 0 1 2 3 4 5 6 7 8 9 10 11 12 13 14 15 16 18
510 0 1 2 3 4 5 7 8 10 11 12 13 14 15 16 17 18
511 0 1 2 3 4 5 7 8 10 11 12 13 14 15 16 18
512 0 1 2 3 4 5 7 8 10 11 12 13 14 15 16 17 18
513 0 1 2 3 4 5 6 7 8 9 10 11 12 13 14 15 16 17 18
514 0 1 2 3 4 5 7 8 10 12 13 14 15 16 18
515 0 1 2 3 4 5 7 8 13 14 15 16
516 0 1 2 3 4 5 7 8 11 12 13 14 15 16 17 18
517 0 1 2 3 4 5 7 8 10 11 12 13 14 15 18
518 0 1 4 5 7 12 13 14 15 16 18
519 0 1 2 3 4 5 6 7 8 9 10 11 12 13 14 15 16 17 18
520 0 1 2 3 4 5 7 8 11 12 13 14 15
521 0 1 2 3 4 5 6 7 8 9 10 11 12 13 14 15 16 17 18
522 0 1 2 3 4 5 7 8 10 11 12 13 14 15 16 18
523 0 1 2 3 4 5 7 8 10 11 12 13 14 15 16 17 18
524 0 1 2 3 4 5 6 7 8 9 10 11 12 13 14 15 16 17 18
525 0 1 2 3 4 5 7 8 10 12 13 14 15 16 18
526 0 1 2 3 4 5 6 7 8 9 10 11 12 13 14 15 16 17 18
527 0 1 2 3 4 5 6 7 8 9 10 12 13 14 15 16 18
528 0 1 4 7 8 12 13 14 15
529 0 1 4 5 7 8 10 13 14 15 16 17 18
530 0 1 5 7 8 10 14 15
531 0 1 4 5 7 8 9 10 12 13 14 15 16
532 0 1 2 3 4 5 7 8 10 12 13 14 15 16 17 18
533 0 1 2 3 4 5 7 8 9 10 11 12 13 14 15 16 17 18
534 0 2 4 5 7 10 11 12 13 14 15
535 0 1 4 5 7 10 13 14 15 16 17 18
536 0 1 4 5 6 7 8 10 12 13 14 15 16 17 18
537 0 1 2 3 4 5 7 8 11 12 13 14 17 18
538 0 1 2 3 4 5 7 8 10 11 13 14 16 18
539 0 1 2 3 4 5 7 8 9 10 11 12 13 14 15 16 18
540 0 1 2 3 4 5 7 8 10 11 12 13 14 15 16 17
541 0 1 2 3 4 5 7 8 10 11 12 13 14 15 16 17 18
542 0 1 2 3 4 5 7 8 10 11 12 13 14 15 16 17 18
543 0 1 4 5 6 7 10 12 13 14 15
544 0 1 3 4 5 7 12 13 14 15 16 18
545 0 1 4 5 7 8 10 13 14 15
546 0 4 5 6 7 8 9 12 13 14 15
547 0 1 4 5 6 7 8 12 13 14 15 16 18
548 0 1 5 7 8 12 14 15 16 18
549 0 1 2 3 4 5 7 8 12 13 14 15 16 18
550 0 1 2 3 4 5 6 7 8 9 10 12 13 14 15 16 18
551 0 1 2 3 4 5 7 8 9 10 11 12 13 14 15 16 17 18
552 0 1 4 5 6 7 8 9 12 13 14 15 16
553 0 1 2 3 4 5 7 8 10 11 12 13 14 15 16 17 18
554 0 1 2 3 4 5 7 8 9 10 11 12 13 14 15 16 17 18
555 0 1 2 3 4 7 8 10 11 12 13 14 15 18
556 0 1 2 3 4 5 7 8 10 12 13 14 15 16 18
557 0 1 2 3 4 5 7 8 10 11 12 13 14 15 16
558 0 1 2 3 4 5 7 8 10 11 12 13 14 15 16 18
559 0 1 2 3 4 5 6 7 8 9 10 11 12 13 14 15 16 17 18
560 0 1 2 3 4 5 7 8 9 10 11 12 13 14 15 16 17 18
561 0 1 2 3 4 5 6 7 8 9 10 11 12 13 14 15 16 17 18
562 0 1 2 3 4 5 7 8 10 11 12 13 14 15 16 18
563 0 1 3 4 5 7 8 10 11 12 13 14 15 17
564 0 1 3 4 5 7 12 13 14 15 16 17
565 0 1 3 4 5 7 8 10 12 13 14 15 16 17
566 0 1 2 3 4 5 7 8 9 10 11 12 13 14 15 16 17 18
567 1 3 4 5 7 8 10 11 12 13 14 15 16 17
568 0 1 2 3 4 5 7 8 11 13 14 15 17 18
569 0 1 2 3 4 5 7 8 10 11 12 13 14 15 16 18
570 0 1 2 4 5 7 8 10 12 13 14 15
571 0 1 2 3 4 5 7 8 9 10 12 13 14 15 16 17 18
572 0 1 2 3 4 5 6 7 8 9 10 11 12 13 14 15 16 17 18
573 0 1 2 3 4 5 7 8 10 11 12 13 14 15 16 18
574 0 1 4 5 7 8 13 14 15
575 0 1 2 3 4 5 7 8 10 12 13 14 15
576 0 1 2 3 4 5 7 8 10 11 12 13 14 15 16 17
577 0 1 3 4 5 7 8 10 12 13 15
578 0 1 2 3 4 5 7 8 10 11 12 13 14 15 16 18
579 0 1 2 3 4 5 6 7 8 9 10 11 12 13 14 15 16 17 18
580 0 1 2 3 4 5 7 8 10 12 13 14 15 16 18
581 0 1 2 3 4 5 7 8 10 12 13 14 15 16 17 18
582 1 2 3 4 5 7 8 11 13 15 16 18
583 0 1 2 3 4 5 7 8 10 11 12 13 14 15 16 17 18
584 0 1 2 3 4 5 6 7 8 9 12 13 14 15 16 18
585 0 1 2 3 4 5 7 8 10 11 12 13 14 15 16 17 18
586 0 1 2 3 4 5 7 8 9 10 11 12 13 14 15 16 17
587 0 1 4 5 7 10 12 15 16
588 0 1 3 4 5 6 7 8 10 13 14 15 16 17 18
589 0 1 2 3 4 5 6 7 8 9 10 11 12 13 14 15 16 17 18
590 0 1 2 3 4 5 7 8 10 12 13 14 15 16 17
591 0 1 2 3 4 5 7 8 10 11 12 13 14 15 16 17 18
592 0 1 2 3 4 5 7 8 9 10 11 12 13 14 15 16 18
593 0 1 2 3 4 5 6 7 8 10 11 12 13 14 15 16 17 18
594 0 1 2 3 4 5 7 8 11 12 13 14 15
595 0 1 2 3 4 5 6 7 8 9 10 11 12 13 14 15 16 17 18
596 0 1 2 3 4 5 6 7 8 9 10 11 12 13 14 15 16 17
597 0 1 4 5 7 8 12 13 14 15 18
598 0 1 2 3 4 5 6 7 8 9 10 11 12 13 14 15 16 17 18
599 0 1 2 3 4 5 6 7 8 9 10 11 12 13 14 15 16 17 18
600 0 1 2 3 4 5 6 7 8 10 12 13 14 15 16 17 18
601 0 1 2 3 4 5 7 8 9 10 11 12 13 14 15 16 17 18
602 0 1 2 3 4 5 6 7 8 9 10 11 12 13 14 15 16 17
603 0 1 2 3 4 5 7 8 10 11 12 13 14 15 17 18
604 0 1 2 3 4 5 7 8 10 11 12 13 14 15 17 18
605 0 1 2 3 4 5 6 7 8 9 10 11 12 13 14 15 16 17 18
606 0 1 2 3 4 5 7 8 10 11 12 13 14 15 16 17 18
607 0 1 2 3 4 5 6 7 8 9 10 11 12 13 14 15 16 17 18
608 0 1 4 5 7 10 13 15 16 17
609 0 1 2 3 4 5 6 7 8 9 10 11 12 13 14 15 16 17 18
